3.730   3.280e-04   2.547e-06  2.786e-05
4.231   1.190e-04   2.236e-07  1.094e-05
4.732   4.887e-05   1.329e-07  4.518e-06
5.234   2.164e-05   8.269e-08  2.011e-06
5.735   1.038e-05   5.426e-08  9.687e-07
6.237   5.191e-06   3.646e-08  4.863e-07
6.738   2.748e-06   2.542e-08  2.585e-07
7.238   1.564e-06   1.826e-08  1.479e-07
7.739   9.132e-07   1.340e-08  8.683e-08
8.240   5.453e-07   9.973e-09  5.216e-08
8.740   3.474e-07   7.586e-09  3.348e-08
9.241   2.135e-07   5.801e-09  2.067e-08
9.741   1.332e-07   4.511e-09  1.296e-08
10.880   5.916e-08   1.433e-09  6.023e-09
12.900   1.494e-08   6.880e-10  1.661e-09
14.910   3.699e-09   3.018e-10  4.493e-10
16.920   1.248e-09   1.652e-10  1.736e-10
18.930   5.470e-10   1.142e-10  8.630e-11
