4 0.000105472
4.1 8.79705e-05
4.2 7.36638e-05
4.3 6.19249e-05
4.4 5.22351e-05
4.5 4.42228e-05
4.6 3.75705e-05
4.7 3.20241e-05
4.8 2.73833e-05
4.9 2.34826e-05
5 2.01985e-05
5.1 1.74221e-05
5.2 1.50672e-05
5.3 1.3064e-05
5.4 1.13548e-05
5.5 9.89234e-06
5.6 8.63575e-06
5.7 7.55701e-06
5.8 6.62679e-06
5.9 5.8226e-06
6 5.12591e-06
6.1 4.52091e-06
6.2 3.99451e-06
6.3 3.53569e-06
6.4 3.13508e-06
6.5 2.78457e-06
6.6 2.4773e-06
6.7 2.20743e-06
6.8 1.97001e-06
6.9 1.76076e-06
7 1.57604e-06
7.1 1.41269e-06
7.2 1.26802e-06
7.3 1.13969e-06
7.4 1.02567e-06
7.5 9.24237e-07
7.6 8.33859e-07
7.7 7.53222e-07
7.8 6.8118e-07
7.9 6.1673e-07
8 5.58998e-07
8.1 5.07218e-07
8.2 4.60721e-07
8.3 4.18917e-07
8.4 3.81289e-07
8.5 3.4738e-07
8.6 3.1679e-07
8.7 2.89165e-07
8.8 2.64193e-07
8.9 2.41595e-07
9 2.21125e-07
9.1 2.02563e-07
9.2 1.85716e-07
9.3 1.70411e-07
9.4 1.56493e-07
9.5 1.43998e-07
9.6 1.32443e-07
9.7 1.21907e-07
9.8 1.12292e-07
9.9 1.03511e-07
10 9.54836e-08
10.1 8.814e-08
10.2 8.14165e-08
10.3 7.52559e-08
10.4 6.96068e-08
10.5 6.4423e-08
10.6 5.96626e-08
10.7 5.52879e-08
10.8 5.12647e-08
10.9 4.75624e-08
11 4.4153e-08
11.1 4.10112e-08
11.2 3.81142e-08
11.3 3.54412e-08
11.4 3.29733e-08
11.5 3.06934e-08
11.6 2.85858e-08
11.7 2.66365e-08
11.8 2.48324e-08
11.9 2.31619e-08
12 2.1614e-08
12.1 2.01791e-08
12.2 1.88482e-08
12.3 1.76131e-08
12.4 1.64662e-08
12.5 1.54007e-08
12.6 1.44105e-08
12.7 1.34896e-08
12.8 1.2633e-08
12.9 1.18356e-08
13 1.10931e-08
13.1 1.04013e-08
13.2 9.75651e-09
13.3 9.15523e-09
13.4 8.59428e-09
13.5 8.07073e-09
13.6 7.58186e-09
13.7 7.12519e-09
13.8 6.69842e-09
13.9 6.29942e-09
14 5.92623e-09
14.1 5.57705e-09
14.2 5.25021e-09
14.3 4.94414e-09
14.4 4.65743e-09
14.5 4.38875e-09
14.6 4.13687e-09
14.7 3.90066e-09
14.8 3.67905e-09
14.9 3.47108e-09
15 3.27583e-09
15.1 3.09247e-09
15.2 2.92021e-09
15.3 2.75832e-09
15.4 2.60614e-09
15.5 2.46303e-09
15.6 2.3284e-09
15.7 2.20172e-09
15.8 2.08248e-09
15.9 1.97021e-09
16 1.86447e-09
16.1 1.76484e-09
16.2 1.67095e-09
16.3 1.58245e-09
16.4 1.49899e-09
16.5 1.42028e-09
16.6 1.34601e-09
16.7 1.27592e-09
16.8 1.20975e-09
16.9 1.14728e-09
17 1.08827e-09
17.1 1.03252e-09
17.2 9.79843e-10
17.3 9.30049e-10
17.4 8.8297e-10
17.5 8.38447e-10
17.6 7.96332e-10
17.7 7.56485e-10
17.8 7.18775e-10
17.9 6.83078e-10
18 6.4928e-10
18.1 6.17272e-10
18.2 5.86952e-10
18.3 5.58225e-10
18.4 5.31002e-10
18.5 5.05198e-10
18.6 4.80733e-10
18.7 4.57534e-10
18.8 4.3553e-10
18.9 4.14655e-10
19 3.94849e-10
19.1 3.76051e-10
19.2 3.58209e-10
19.3 3.4127e-10
19.4 3.25185e-10
19.5 3.09908e-10
19.6 2.95395e-10
19.7 2.81607e-10
19.8 2.68504e-10
19.9 2.5605e-10
