1
95 19247.3 111.011
135 4225.25 20.8859
185 806.6 3.9901
235 185.309 0.580489
285 55.9285 0.346108
355 16.4686 0.142118
450 2.48247 0.0530725
550 0.657129 0.0273604
700 0.219064 0.0111725

2
70 43908.4 213.069
95 9853.28 60.6455
135 1546.87 -nan
185 256.278 0.648497
235 61.6236 0.362094
285 18.9836 0.205945
355 5.43547 0.0825599
450 1.31428 0.0386656
550 0.219158 0.0158041
700 0.0732236 0.00645253

3
70 2796.18 38.3267
95 407.174 1.06486
135 58.8499 0.354424
185 4.81949 0.104581
235 1.02264 0.048267
285 0.292403 0.0258101
355 0.0813985 0.01014
450 0.000185979 3.98092e-07

4
70 467.24 17.2228
95 37.7246 0.37403
135 4.0892 0.0963715
185 0.000223073 6.80591e-07

