3.730    3.385e-04      2.456e-05   2.591e-05 
4.232    1.187e-04      2.906e-06   9.888e-06
4.733    4.726e-05      1.990e-06   4.001e-06
5.234    2.206e-05      1.096e-06   1.929e-06
5.735    1.113e-05      5.005e-07   1.028e-06  
6.236    4.999e-06      3.172e-07   4.759e-07 
6.737    3.003e-06      2.304e-07   2.950e-07
7.452    1.080e-06      9.530e-08   1.092e-07
8.457    4.853e-07      5.832e-08   5.253e-08
9.460    1.643e-07      3.166e-08   1.813e-08
10.861    5.227e-08      1.169e-08   6.137e-09
13.250    1.190e-08      4.910e-09   1.894e-09
