5 0.000124179
5.1 0.000106705
5.2 9.19337e-05
5.3 7.94022e-05
5.4 6.87409e-05
5.5 5.9648e-05
5.6 5.18718e-05
5.7 4.52071e-05
5.8 3.94807e-05
5.9 3.4548e-05
6 3.02897e-05
6.1 2.66068e-05
6.2 2.34149e-05
6.3 2.06411e-05
6.4 1.82282e-05
6.5 1.6124e-05
6.6 1.42858e-05
6.7 1.26772e-05
6.8 1.12669e-05
6.9 1.00285e-05
7 8.93969e-06
7.1 7.98072e-06
7.2 7.13436e-06
7.3 6.38649e-06
7.4 5.72528e-06
7.5 5.13921e-06
7.6 4.6188e-06
7.7 4.15604e-06
7.8 3.74394e-06
7.9 3.3765e-06
8 3.04848e-06
8.1 2.75529e-06
8.2 2.49293e-06
8.3 2.25791e-06
8.4 2.04713e-06
8.5 1.85785e-06
8.6 1.68769e-06
8.7 1.53457e-06
8.8 1.39665e-06
8.9 1.27226e-06
9 1.16003e-06
9.1 1.05861e-06
9.2 9.6688e-07
9.3 8.83836e-07
9.4 8.08582e-07
9.5 7.40969e-07
9.6 6.78955e-07
9.7 6.22603e-07
9.8 5.7136e-07
9.9 5.24737e-07
10 4.82272e-07
10.1 4.43557e-07
10.2 4.08229e-07
10.3 3.75968e-07
10.4 3.46492e-07
10.5 3.19542e-07
10.6 2.94884e-07
10.7 2.72305e-07
10.8 2.5161e-07
10.9 2.32633e-07
11 2.15214e-07
11.1 1.99219e-07
11.2 1.84516e-07
11.3 1.70995e-07
11.4 1.58552e-07
11.5 1.47094e-07
11.6 1.36537e-07
11.7 1.26803e-07
11.8 1.17825e-07
11.9 1.09538e-07
12 1.01886e-07
12.1 9.48146e-08
12.2 8.82765e-08
12.3 8.2228e-08
12.4 7.66298e-08
12.5 7.14479e-08
12.6 6.66511e-08
12.7 6.22071e-08
12.8 5.80843e-08
12.9 5.42583e-08
13 5.07057e-08
13.1 4.74054e-08
13.2 4.43385e-08
13.3 4.14868e-08
13.4 3.88337e-08
13.5 3.63645e-08
13.6 3.40662e-08
13.7 3.19262e-08
13.8 2.99317e-08
13.9 2.80719e-08
14 2.63372e-08
14.1 2.47183e-08
14.2 2.3207e-08
14.3 2.17958e-08
14.4 2.04779e-08
14.5 1.92462e-08
14.6 1.80949e-08
14.7 1.70181e-08
14.8 1.60103e-08
14.9 1.5067e-08
15 1.41836e-08
15.1 1.33561e-08
15.2 1.25809e-08
15.3 1.18545e-08
15.4 1.11733e-08
15.5 1.05343e-08
15.6 9.93476e-09
15.7 9.37188e-09
15.8 8.84332e-09
15.9 8.34694e-09
16 7.88055e-09
16.1 7.44216e-09
16.2 7.02997e-09
16.3 6.64238e-09
16.4 6.27776e-09
16.5 5.93467e-09
16.6 5.61171e-09
16.7 5.3077e-09
16.8 5.0215e-09
16.9 4.75188e-09
17 4.49781e-09
17.1 4.25833e-09
17.2 4.03255e-09
17.3 3.81959e-09
17.4 3.61868e-09
17.5 3.42909e-09
17.6 3.25012e-09
17.7 3.08115e-09
17.8 2.92159e-09
17.9 2.77094e-09
18 2.62867e-09
18.1 2.49425e-09
18.2 2.36716e-09
18.3 2.24699e-09
18.4 2.13336e-09
18.5 2.02586e-09
18.6 1.92415e-09
18.7 1.82791e-09
18.8 1.73682e-09
18.9 1.65058e-09
19 1.56891e-09
19.1 1.49158e-09
19.2 1.41831e-09
19.3 1.34888e-09
19.4 1.28307e-09
19.5 1.22069e-09
19.6 1.16153e-09
19.7 1.10543e-09
19.8 1.05221e-09
19.9 1.00175e-09
