4 0.000116357
4.1 9.72053e-05
4.2 8.14965e-05
4.3 6.85809e-05
4.4 5.79105e-05
4.5 4.90674e-05
4.6 4.1693e-05
4.7 3.55408e-05
4.8 3.03883e-05
4.9 2.60595e-05
5 2.24064e-05
5.1 1.93207e-05
5.2 1.6706e-05
5.3 1.44811e-05
5.4 1.25825e-05
5.5 1.09581e-05
5.6 9.56371e-06
5.7 8.36569e-06
5.8 7.33306e-06
5.9 6.44041e-06
6 5.66755e-06
6.1 4.99707e-06
6.2 4.41425e-06
6.3 3.90614e-06
6.4 3.46267e-06
6.5 3.07462e-06
6.6 2.73449e-06
6.7 2.43583e-06
6.8 2.17307e-06
6.9 1.94154e-06
7 1.73737e-06
7.1 1.55699e-06
7.2 1.39724e-06
7.3 1.25558e-06
7.4 1.1299e-06
7.5 1.01814e-06
7.6 9.18563e-07
7.7 8.29719e-07
7.8 7.50322e-07
7.9 6.79281e-07
8 6.15638e-07
8.1 5.58552e-07
8.2 5.0729e-07
8.3 4.61215e-07
8.4 4.19757e-07
8.5 3.82397e-07
8.6 3.48692e-07
8.7 3.1826e-07
8.8 2.90751e-07
8.9 2.65857e-07
9 2.43325e-07
9.1 2.22892e-07
9.2 2.04347e-07
9.3 1.87498e-07
9.4 1.72177e-07
9.5 1.58412e-07
9.6 1.45695e-07
9.7 1.34098e-07
9.8 1.23518e-07
9.9 1.13859e-07
10 1.05031e-07
10.1 9.69554e-08
10.2 8.95601e-08
10.3 8.2783e-08
10.4 7.65699e-08
10.5 7.08702e-08
10.6 6.56378e-08
10.7 6.08305e-08
10.8 5.6409e-08
10.9 5.23416e-08
11 4.85956e-08
11.1 4.51446e-08
11.2 4.19617e-08
11.3 3.90244e-08
11.4 3.63121e-08
11.5 3.3806e-08
11.6 3.1489e-08
11.7 2.93458e-08
11.8 2.73622e-08
11.9 2.55255e-08
12 2.38236e-08
12.1 2.22458e-08
12.2 2.07822e-08
12.3 1.94237e-08
12.4 1.81622e-08
12.5 1.6991e-08
12.6 1.59033e-08
12.7 1.48922e-08
12.8 1.39511e-08
12.9 1.3075e-08
13 1.22588e-08
13.1 1.14981e-08
13.2 1.07891e-08
13.3 1.01278e-08
13.4 9.51053e-09
13.5 8.93428e-09
13.6 8.3963e-09
13.7 7.89382e-09
13.8 7.42407e-09
13.9 6.98466e-09
14 6.57353e-09
14.1 6.18864e-09
14.2 5.82822e-09
14.3 5.49064e-09
14.4 5.17442e-09
14.5 4.87798e-09
14.6 4.60011e-09
14.7 4.33939e-09
14.8 4.09467e-09
14.9 3.8649e-09
15 3.64908e-09
