4.91788 0.000212724 4.92695e-06
6.92592 2.28309e-05 6.81646e-07
8.94299 1.72233e-06 1.5933e-07
10.9619 1.34629e-06 1.29984e-07
12.9698 3.07207e-08 3.66313e-10
14.9618 1.13092e-08 2.05505e-10
16.9625 5.09904e-09 1.29445e-10
18.9669 2.31059e-09 8.1921e-11
20.9453 5.98932e-10 3.83319e-11
22.9707 5.29183e-10 3.49509e-11
24.9826 2.49869e-10 2.27267e-11
26.9279 1.21591e-10 1.49108e-11
28.9592 1.17272e-11 2.13568e-13
30.9443 9.50624e-12 1.86141e-13
32.9688 4.65309e-12 1.26051e-13
35.0005 4.04898e-12 1.14263e-13
36.9604 1.70922e-12 7.18259e-14
39.0065 1.17982e-12 5.80491e-14
