4.91695 0.000377052 1.36038e-05
6.93632 1.79038e-05 3.17827e-07
8.94374 2.0598e-06 5.55863e-08
10.9515 4.49327e-07 2.27002e-08
12.9597 1.38361e-07 1.10755e-08
14.9606 1.34202e-08 7.11113e-11
16.9517 6.72951e-09 4.75226e-11
18.9618 3.1771e-09 3.05503e-11
20.9774 1.25217e-09 1.80749e-11
22.9692 6.76962e-10 1.26204e-11
24.9635 2.04234e-10 6.4429e-12
26.9723 1.52999e-10 5.37508e-12
28.9507 4.96033e-11 2.77833e-12
30.9618 1.67406e-11 1.29967e-12
32.9596 5.2385e-12 4.22709e-14
34.9669 3.2937e-12 3.25227e-14
36.9733 1.74432e-12 2.29587e-14
38.9707 9.32052e-13 1.62683e-14
