4.91921 0.000277038 4.5372e-06
6.93416 1.46388e-05 9.74363e-08
8.94528 2.22685e-06 1.50644e-08
10.9518 3.87484e-07 2.58822e-09
12.9578 1.0463e-07 6.16121e-10
14.9608 3.23741e-08 2.83051e-10
16.9622 9.9119e-09 1.14184e-10
18.9659 3.89195e-09 5.51348e-11
20.9689 1.74006e-09 3.52407e-11
22.9661 1.02881e-09 3.1853e-11
24.9691 2.79674e-10 2.99305e-12
26.9663 1.32024e-10 1.93368e-12
28.9657 6.16564e-11 1.23786e-12
30.9732 2.9289e-11 7.86557e-13
32.9754 1.31559e-11 4.76988e-13
34.9781 6.44218e-12 2.84531e-13
36.9768 3.58822e-12 1.90386e-13
38.9759 1.20662e-12 7.27434e-15
