 4.178 0.334 1.661
 7.109 0.243 2.028
 5.293 0.304 2.267
 7.922 0.065 2.713
 4.515 -0.037 2.396
 13.959 0.142 -1.720
 7.285 0.050 1.500
 4.549 -0.050 -0.898
 4.260 -0.150 -0.554
 8.182 0.043 0.752
 8.597 0.189 1.934
 4.179 0.024 -0.071
 4.552 -0.030 0.183
 6.594 -0.341 -3.068
 4.433 -0.140 -0.866
 11.152 -0.067 2.835
 4.489 -0.187 0.359
 9.586 0.159 -2.799
 5.258 -0.027 0.782
 16.954 -0.145 -2.393
 7.672 0.309 -0.450
 5.101 0.236 0.699
 4.285 0.141 -1.473
 6.018 -0.284 -0.961
 9.177 -0.251 3.105
 9.027 0.283 -1.909
 15.691 -0.296 2.107
 5.193 -0.210 0.176
 4.149 -0.023 1.038
 4.531 0.111 2.150
 4.027 0.144 -2.086
 4.361 -0.209 -1.125
 4.920 -0.066 -1.029
 5.004 0.158 2.966
 4.042 0.197 2.580
 5.724 0.238 2.619
 17.909 0.341 -1.833
 6.936 0.178 1.512
 9.850 0.216 -1.519
 5.248 0.113 1.283
 5.484 -0.154 -2.535
 4.952 0.013 -0.282
 6.227 0.350 2.105
 22.914 -0.260 -0.686
 4.347 -0.159 -3.064
 4.054 0.177 -2.990
 5.959 -0.058 -3.066
 11.824 -0.088 0.098
 9.597 0.227 0.993
 5.963 0.016 -1.926
 5.410 -0.294 0.592
 4.727 -0.255 -2.391
 5.021 0.235 -0.814
 9.494 -0.201 -0.470
 4.372 -0.172 -2.619
 14.874 0.119 1.427
 7.245 0.318 0.351
 8.406 0.288 2.123
 7.495 0.011 0.871
 5.161 -0.324 -1.069
 5.522 -0.229 -1.223
 4.583 0.167 1.565
 6.601 -0.259 2.026
 8.391 0.125 -1.325
 7.443 -0.183 -1.331
 5.415 -0.269 2.597
 5.043 0.083 0.027
 10.262 -0.148 -1.830
 4.000 0.165 -0.991
 9.987 -0.251 1.642
 4.479 -0.271 -0.445
 9.416 0.140 -1.715
 9.129 0.150 -1.792
 8.835 0.111 -0.302
 5.057 0.228 0.014
 4.058 0.158 -0.442
 6.364 0.305 -3.095
 4.003 0.090 -2.528
 4.800 0.062 2.243
 4.109 0.113 2.173
 5.026 -0.314 -0.937
 7.454 -0.117 -1.239
 5.297 -0.283 -1.167
 12.764 -0.079 2.705
 8.548 -0.122 -0.947
 4.070 0.328 2.220
 4.001 0.337 -2.984
 5.454 -0.124 -3.056
 11.249 -0.076 0.015
 4.587 0.107 2.746
 6.193 0.145 2.590
 6.726 0.248 0.619
 4.815 0.116 -2.223
 9.488 -0.197 -0.906
 6.354 -0.257 0.920
 5.034 0.325 0.519
 5.969 -0.329 -0.440
 4.618 -0.333 -1.263
 4.460 -0.325 -1.636
 8.332 -0.029 2.050
 8.415 -0.307 3.087
 4.160 0.146 2.945
 4.386 -0.144 0.920
 4.447 0.056 1.513
 5.777 -0.119 -1.519
 10.859 -0.224 2.948
 6.954 0.204 2.019
 5.457 0.167 2.038
 4.412 0.082 1.835
 4.800 0.156 1.907
 16.145 0.206 -0.189
 4.783 -0.194 -2.596
 4.410 0.167 -1.192
 11.580 -0.069 -1.109
 6.840 0.104 -1.339
 4.895 -0.183 2.808
 7.189 -0.345 2.501
 9.727 0.200 -2.462
 8.224 -0.337 -0.306
 10.995 0.022 1.494
 8.120 -0.003 2.951
 5.045 0.074 -0.860
 4.989 0.236 1.260
 11.813 0.028 -1.953
 4.254 -0.286 2.809
 9.800 -0.293 2.669
 8.727 -0.284 1.209
 6.686 -0.205 1.226
 7.208 0.113 -2.184
 5.570 -0.324 1.239
 4.855 -0.328 2.097
 5.747 0.038 1.804
 10.569 0.029 -1.896
 9.602 -0.037 -1.295
 7.503 0.349 -2.439
 6.826 -0.147 2.132
 6.526 -0.183 2.276
 6.609 -0.257 0.112
 4.746 -0.044 -1.714
 6.583 -0.040 1.403
 5.190 -0.235 -2.200
 4.155 -0.250 0.811
 6.535 0.065 2.683
 6.426 0.049 -3.005
 4.663 -0.342 -0.560
 13.369 0.283 -1.147
 7.436 0.248 -1.155
 8.076 -0.078 1.880
 4.708 0.159 -1.898
 4.072 -0.018 1.055
 13.698 -0.258 3.115
 4.620 0.168 -0.322
 5.584 -0.260 2.280
 5.639 0.340 1.709
 7.473 0.196 2.247
 4.550 0.311 -2.576
 5.435 0.137 1.208
 4.381 0.025 -2.772
 4.622 -0.161 1.427
 5.772 0.066 1.642
 6.686 0.232 -2.709
 12.367 -0.074 -0.005
 5.020 -0.088 0.127
 5.879 0.138 2.219
 11.296 -0.245 -1.279
 13.408 0.194 2.198
 4.350 0.217 -1.896
 9.415 -0.107 1.290
 5.058 0.294 -1.369
 4.966 0.220 -2.112
 6.366 0.078 -2.111
 11.207 0.326 -2.303
 5.275 0.205 0.884
 8.332 0.145 -0.148
 4.421 0.025 0.168
 4.822 -0.316 1.075
 4.390 0.199 1.546
 9.012 0.321 -1.394
 5.805 -0.196 -0.081
 5.929 -0.284 0.593
 6.837 -0.061 -2.325
 6.639 -0.224 -2.376
 8.222 0.097 -3.104
 15.262 -0.258 -2.073
 5.184 -0.336 -0.342
 5.384 0.058 -1.598
 5.446 -0.243 -3.124
 5.353 0.048 2.428
 19.198 -0.231 0.945
 8.093 0.223 -2.894
 5.991 0.347 1.026
 5.819 -0.236 -0.508
 19.012 0.004 2.500
 8.226 -0.266 2.213
 4.186 0.329 -0.995
 9.057 -0.146 -1.353
 4.816 0.259 -2.880
 5.000 0.165 1.195
 5.946 -0.092 1.533
 5.459 -0.338 -1.389
 4.725 0.332 1.373
 7.283 -0.184 -1.505
 6.296 0.145 0.022
 4.774 0.339 2.184
 6.757 -0.319 -2.299
 4.319 0.026 1.125
 7.962 0.186 -2.860
 14.656 -0.080 0.114
 4.712 -0.017 -2.921
 13.400 0.316 -2.658
 7.903 0.319 -3.093
 10.480 -0.093 -2.002
 5.948 -0.125 -1.948
 7.070 0.210 2.745
 4.376 -0.246 1.725
 10.037 -0.291 -0.832
 5.464 0.321 0.799
 6.651 0.097 2.273
 4.767 0.206 -1.891
 5.761 0.021 -1.822
 7.732 0.171 0.697
 5.678 -0.179 -2.763
 4.233 -0.093 -2.332
 13.308 -0.003 1.384
 4.503 0.293 -1.054
 5.361 -0.031 0.626
 7.226 0.195 0.948
 10.802 -0.315 -0.935
 5.254 0.016 -1.156
 4.144 0.112 0.712
 7.252 0.078 -2.245
 7.986 0.130 -2.234
 13.147 -0.077 1.348
 6.177 -0.261 1.222
 4.122 0.184 -1.590
 19.015 -0.292 -1.015
 6.005 -0.349 -0.946
 6.665 -0.339 -0.064
 4.147 0.035 2.397
 5.422 0.114 2.111
 7.359 0.161 0.131
 6.927 0.103 -3.059
 4.732 -0.130 -3.004
 5.018 -0.002 -2.804
 12.562 -0.264 0.365
 4.194 0.285 -1.337
 6.114 0.035 1.649
 5.460 -0.038 -1.423
 4.212 -0.141 1.826
 9.419 0.119 -1.135
 7.590 0.320 1.993
 11.493 -0.263 -2.049
 6.386 0.003 -1.986
 5.877 -0.044 -1.963
 4.931 0.212 0.121
 8.451 -0.077 -1.385
 5.242 -0.245 2.310
 4.057 0.253 -0.948
 4.526 0.279 -2.004
 9.485 -0.318 1.278
 5.798 0.074 -1.947
 9.568 -0.292 1.033
 4.795 -0.333 2.551
 4.499 0.324 0.159
 7.350 0.311 -2.892
 4.198 0.128 1.956
 5.212 0.164 1.998
 6.736 -0.312 -2.636
 7.595 0.200 -0.815
 4.737 0.143 -0.751
 5.847 -0.103 2.363
 5.068 -0.091 -0.895
 9.275 0.011 -2.528
 4.393 0.342 -0.367
 9.131 -0.106 -0.586
 10.578 -0.189 1.947
 4.186 -0.315 2.359
 4.846 -0.000 1.129
 9.483 0.016 0.170
 6.660 0.285 -2.469
 4.946 -0.341 -1.941
 6.145 -0.273 -1.817
 4.248 -0.150 -2.077
 5.447 -0.026 -2.010
 4.242 0.286 -2.907
 6.682 -0.257 2.422
 4.689 0.052 2.421
 7.373 -0.192 0.589
 4.875 0.083 1.899
 4.715 0.084 -0.815
 6.741 -0.173 2.509
 4.362 -0.266 0.628
 15.425 -0.096 0.315
 7.822 -0.238 0.432
 7.511 -0.161 -0.419
 7.593 0.145 2.642
 4.062 -0.041 1.547
 4.338 -0.171 2.280
 4.939 -0.194 1.434
 5.797 0.203 2.814
 4.004 0.233 -1.438
 5.639 -0.345 0.212
 21.270 0.315 0.078
 4.448 0.166 1.526
 5.921 0.155 1.445
 5.085 0.330 -1.585
 8.148 -0.250 -3.014
 9.149 0.210 1.521
 5.256 -0.255 -2.856
 4.369 0.151 0.212
 5.588 -0.024 3.053
 4.016 0.143 -2.846
 5.785 0.019 2.289
 9.682 0.019 2.616
 6.616 -0.020 2.289
 10.194 -0.095 1.567
 8.379 -0.181 1.119
 6.557 -0.118 1.133
 8.692 -0.283 -0.945
 4.474 -0.293 -2.807
 4.293 -0.345 2.917
 4.829 -0.286 -1.661
 4.607 -0.061 -1.658
 5.673 -0.024 -3.105
 8.194 0.180 -3.061
 6.464 -0.089 2.349
 6.369 0.129 -2.145
 6.551 0.061 0.057
 8.475 0.244 -2.836
 4.629 0.339 0.148
 4.749 0.322 0.727
 8.806 0.332 -2.882
 6.359 -0.217 -3.097
 5.120 0.182 2.509
 4.341 0.138 0.604
 5.092 0.163 0.510
 5.315 -0.196 0.390
 6.530 -0.194 0.164
 15.406 -0.199 1.459
 5.817 0.113 -1.406
 5.291 0.105 -0.564
 6.007 0.275 3.095
 5.516 -0.179 -0.874
 8.011 0.021 0.892
 8.572 -0.322 0.968
 6.369 0.190 -1.147
 5.625 0.332 -1.077
 11.303 0.063 -0.701
 8.366 0.097 1.256
 7.667 -0.319 -2.219
 4.579 -0.078 0.757
 7.560 -0.341 -2.211
 4.599 0.093 -0.077
 4.193 -0.173 0.916
 14.801 -0.206 -0.590
 7.775 0.249 -0.797
 4.599 0.307 1.057
 4.934 0.281 -1.684
 10.538 0.142 0.618
 4.015 0.029 0.076
 8.928 0.143 0.581
 4.995 0.016 -0.531
 4.492 0.056 -1.020
 4.472 0.120 -1.080
 4.523 -0.110 -2.415
 4.116 0.246 1.359
 9.087 -0.097 -0.597
 11.483 0.011 -0.847
 5.284 0.032 1.408
 4.095 0.152 -0.381
 4.177 -0.328 2.090
 4.710 -0.057 -2.146
 4.220 0.331 -2.824
 5.538 -0.266 -0.285
 4.858 -0.245 -0.263
 4.719 -0.313 2.403
 4.428 0.019 -0.840
 9.231 0.246 -1.031
 9.025 -0.318 2.691
 9.484 0.031 -1.305
 18.377 0.348 -0.194
 12.840 -0.108 -0.120
 6.070 0.207 3.026
 4.508 -0.124 1.929
 4.565 -0.244 -1.005
 6.321 0.050 2.234
 11.534 0.151 -0.242
 4.882 0.332 -2.162
 10.100 0.346 -2.205
 6.693 0.180 0.953
 4.116 -0.102 1.585
 4.907 -0.003 -2.204
 5.736 -0.327 0.420
 16.789 -0.010 -0.807
 4.294 0.018 -0.848
 4.887 -0.265 -2.281
 5.574 0.320 -0.060
 4.416 0.117 2.381
 4.387 -0.255 -0.759
 4.650 0.004 -1.952
 5.889 0.104 1.961
 4.111 -0.191 0.314
 4.105 -0.255 -0.980
 4.508 0.157 -2.165
 5.787 -0.190 -3.041
 7.781 0.127 0.677
 11.607 0.159 0.285
 5.428 0.231 -0.015
 5.623 -0.055 0.344
 8.341 0.062 0.413
 5.223 0.315 -2.884
 10.338 0.000 -0.463
 5.071 0.060 0.361
 11.572 0.098 2.821
 4.705 0.304 1.116
 7.913 0.135 0.197
 5.411 0.310 0.217
 18.178 -0.148 -0.711
 12.583 -0.188 -1.827
 4.911 -0.105 2.048
 10.512 0.265 -1.778
 4.599 -0.127 -1.817
 4.514 0.313 1.300
 5.549 0.103 -1.793
 5.977 -0.015 -1.724
 10.094 0.333 -2.750
 4.140 0.266 2.828
 4.461 -0.218 -1.414
 4.763 0.274 1.393
 10.761 0.101 -1.488
 5.377 -0.044 -0.702
 4.545 0.331 1.647
 4.377 -0.241 -1.966
 4.191 -0.289 -3.042
 5.771 -0.261 -1.212
 4.409 -0.253 -1.099
 6.913 0.224 2.904
 4.125 0.116 -2.511
 14.285 -0.093 2.202
 4.280 0.188 0.329
 9.866 0.298 0.236
 16.416 -0.206 -2.439
 8.416 -0.286 -2.558
 6.954 0.274 -2.206
 4.411 -0.349 1.230
 4.439 0.237 -0.861
 8.343 0.273 2.181
 6.961 -0.285 1.152
 4.114 0.141 -2.611
 16.677 -0.067 -3.102
 7.735 -0.115 1.321
 4.646 -0.049 -1.515
 5.461 -0.204 -2.552
 4.641 -0.183 0.398
 7.019 -0.181 0.712
 6.351 -0.039 -0.059
 4.824 -0.192 0.593
 4.176 -0.064 2.355
 5.198 0.048 -1.942
 4.320 -0.045 1.063
 5.093 -0.309 1.872
 5.718 0.057 1.020
 9.059 -0.164 -2.613
 4.447 -0.235 0.418
 7.428 0.302 2.442
 9.532 -0.077 -1.348
 9.141 -0.105 -0.925
 5.726 -0.043 1.855
 5.530 -0.058 2.490
 6.511 0.120 -1.704
 11.567 -0.048 0.508
 4.959 -0.342 -0.231
 5.125 -0.038 -0.552
 5.167 0.346 3.050
 5.395 0.246 -0.645
 5.280 0.067 0.673
 4.675 -0.058 -2.939
 8.064 0.268 1.233
 6.098 0.334 1.539
 5.215 0.082 -0.060
 7.358 -0.117 0.961
 4.092 -0.244 -1.565
 8.827 -0.330 0.807
 6.223 0.221 2.538
 7.047 -0.089 1.785
 4.676 -0.012 0.779
 4.164 -0.316 0.547
 4.185 0.272 -3.091
 4.111 0.160 -2.544
 4.301 0.017 2.794
 5.103 0.278 -0.170
 4.318 -0.042 -1.336
 5.226 -0.256 -1.248
 4.567 -0.109 -1.816
 16.792 0.147 2.420
 7.973 -0.222 -3.027
 7.509 -0.117 -0.372
 4.525 0.004 -1.857
 16.901 0.073 -0.380
 7.506 0.154 -0.820
 4.428 0.140 -0.149
 4.622 0.273 0.008
 7.691 -0.266 -1.590
 13.643 0.340 -3.033
 4.575 0.127 2.561
 7.001 -0.324 0.080
 4.622 -0.131 0.158
 7.813 0.189 2.514
 8.798 0.072 2.936
 7.006 0.084 2.521
 5.523 -0.251 -1.997
 5.502 -0.168 0.404
 8.122 -0.142 -2.645
 9.558 -0.097 -2.504
 12.276 0.063 0.707
 6.235 -0.136 2.161
 4.544 0.170 0.214
 10.869 -0.000 -2.795
 6.285 -0.272 1.895
 10.124 -0.300 -0.948
 5.451 -0.331 -2.410
 6.554 -0.074 -0.486
 4.538 -0.105 -1.165
 9.045 -0.010 -2.800
 7.369 0.189 -1.576
 6.750 -0.074 -0.144
 5.200 -0.197 -1.067
 4.682 -0.240 2.133
 7.685 -0.054 -0.011
 6.562 -0.172 1.112
 6.483 -0.016 0.620
 9.283 -0.103 -0.787
 4.401 -0.287 2.880
 10.657 -0.294 2.635
 11.755 -0.202 0.708
 10.001 -0.279 1.948
 4.859 -0.302 0.808
 7.204 -0.216 0.865
 4.305 -0.286 -1.594
 7.675 -0.268 1.800
 5.392 -0.316 1.660
 9.674 -0.237 1.223
 6.095 0.163 -2.445
 4.826 -0.078 -0.714
 8.232 0.303 2.369
 4.248 0.249 2.974
 4.129 -0.138 2.575
 4.052 -0.177 1.131
 22.478 -0.307 2.496
 6.749 0.133 -2.211
 4.814 -0.107 -1.218
 5.477 -0.069 -0.564
 4.828 -0.001 -0.728
 11.429 0.115 2.947
 5.582 0.112 2.035
 10.667 -0.252 0.745
 6.081 0.110 -1.223
 14.081 0.019 2.257
 4.011 0.075 2.434
 4.825 -0.099 -3.085
 13.844 0.072 -0.966
 4.550 0.216 -2.145
 6.399 -0.290 1.003
 5.808 0.148 -2.271
 6.740 0.008 -1.030
 4.694 -0.314 0.974
 4.748 0.005 -0.202
 9.844 -0.240 1.412
 4.861 -0.136 1.309
 7.055 -0.111 -0.242
 7.733 -0.041 0.963
 12.525 0.192 2.612
 4.811 0.107 -3.001
 4.069 0.051 -0.030
 5.689 -0.067 -0.997
 11.047 -0.222 1.058
 4.019 0.268 -0.709
 4.495 -0.011 1.331
 4.516 -0.193 -0.200
 8.407 0.245 -2.626
 4.017 -0.109 -1.360
 12.862 -0.117 1.377
 10.011 0.154 -1.901
 9.803 0.101 -2.340
 4.826 0.311 0.146
 4.426 -0.293 0.590
 6.005 -0.323 0.567
 4.498 0.323 -1.048
 4.038 0.133 -2.115
 10.257 -0.192 0.148
 6.952 0.333 2.888
 9.144 0.131 2.728
 6.625 0.237 0.490
 5.494 -0.256 -2.087
 4.015 -0.337 -2.059
 4.540 0.320 1.450
 4.243 0.022 -0.876
 5.002 0.252 2.233
 16.529 -0.097 -0.532
 13.806 0.062 1.339
 5.702 -0.185 -1.750
 4.684 -0.331 1.637
 9.688 0.270 -1.097
 4.363 0.318 1.932
 4.581 -0.154 2.195
 6.474 -0.020 1.074
 5.231 0.102 -1.029
 4.333 0.261 2.807
 7.781 -0.002 2.551
 4.535 0.094 2.389
 7.925 -0.077 -1.676
 5.821 0.217 1.479
 8.874 0.339 0.399
 9.581 0.001 1.763
 4.622 -0.002 -2.252
 24.758 0.194 -1.365
 5.397 0.286 0.569
 9.498 0.075 0.068
 7.438 -0.121 -1.204
 6.099 0.102 -2.002
 4.682 0.176 -0.863
 5.990 -0.164 1.692
 6.541 0.203 -0.122
 5.347 0.240 -3.088
 7.480 -0.277 -2.736
 7.356 0.302 -0.545
 6.286 0.331 -1.417
 4.127 0.209 1.587
 5.229 -0.083 -1.135
 6.964 0.276 -2.893
 7.552 -0.286 0.330
 9.679 -0.080 0.261
 8.477 0.246 0.813
 5.622 -0.231 -3.135
 13.044 0.172 -0.690
 8.090 -0.212 -0.977
 16.384 -0.313 2.956
 6.424 0.125 -2.842
 7.510 -0.050 -0.168
 8.676 -0.271 3.081
 8.408 -0.025 0.924
 7.968 0.259 1.611
 6.657 -0.314 -3.125
 4.001 0.108 -1.470
 5.614 0.159 2.588
 4.638 0.220 0.844
 4.373 0.304 2.911
 5.614 -0.024 -0.916
 5.265 0.240 1.018
 9.641 -0.095 2.937
 4.624 0.011 -2.655
 4.483 -0.199 -1.580
 6.384 0.249 -0.017
 4.020 -0.276 1.367
 7.171 -0.136 -2.872
 12.107 -0.207 -3.109
 13.186 -0.015 -1.933
 18.234 -0.078 0.882
 5.034 0.064 -2.200
 5.449 0.052 -0.205
 4.196 -0.119 -0.086
 7.318 0.118 2.536
 9.733 0.068 3.039
 6.112 0.232 -3.014
 5.773 0.252 -2.621
 6.371 -0.226 -0.060
 10.426 -0.215 0.006
 4.987 -0.009 -2.116
 4.781 -0.201 0.056
 5.957 -0.046 1.804
 5.151 0.295 -1.185
 5.407 0.110 1.573
 4.679 -0.241 -1.565
 13.444 -0.192 -0.446
 5.940 -0.285 2.783
 4.480 0.144 3.055
 8.345 0.166 -0.948
 12.350 0.093 -1.823
 8.761 -0.004 1.744
 6.799 -0.028 1.851
 7.727 -0.032 -2.089
 9.147 -0.211 0.672
 5.257 0.132 -2.442
 5.585 -0.168 -3.141
 5.267 -0.105 -1.459
 15.013 -0.263 1.631
 5.452 -0.265 2.728
 8.304 -0.308 2.567
 4.225 -0.054 2.545
 8.494 0.311 2.094
 7.697 0.210 -0.385
 4.225 -0.162 -1.377
 5.297 -0.067 -0.647
 5.258 -0.054 -2.958
 4.130 -0.072 2.880
 5.280 -0.318 1.664
 4.535 -0.130 1.859
 4.242 0.020 -0.705
 5.075 0.123 -0.711
 4.518 0.339 0.803
 6.758 0.222 0.730
 9.598 0.213 2.113
 4.415 0.251 1.808
 9.126 0.034 3.020
 5.545 -0.040 -0.071
 4.842 0.243 2.736
 5.071 0.246 1.404
 5.779 -0.109 -1.388
 4.200 -0.245 -2.866
 5.464 0.020 -1.442
 5.768 -0.101 1.322
 8.622 -0.179 1.368
 4.864 -0.195 -1.332
 11.013 -0.316 -3.079
 5.356 -0.300 1.428
 12.440 0.267 0.431
 4.095 -0.064 -1.243
 4.937 -0.035 2.319
 4.213 0.087 -2.581
 5.816 0.019 1.781
 5.542 -0.171 -2.949
 4.182 -0.054 -0.362
 9.662 0.087 -3.047
 4.115 0.112 -1.301
 4.843 0.173 2.857
 12.833 0.248 2.980
 5.708 -0.267 -2.470
 5.151 -0.178 -2.303
 6.995 0.242 0.051
 5.313 -0.004 1.364
 15.715 0.172 1.646
 6.298 0.281 -1.516
 7.542 -0.160 2.629
 4.226 -0.111 -0.106
 5.767 -0.025 -1.947
 4.411 0.109 -1.912
 5.375 0.257 -1.331
 4.037 -0.244 -1.513
 9.774 -0.169 2.866
 6.861 -0.231 -0.216
 5.248 -0.194 -1.442
 8.604 0.275 2.005
 4.820 0.290 2.566
 15.163 0.013 -2.525
 7.494 -0.327 -3.117
 4.688 0.254 -1.649
 5.254 0.182 -0.775
 5.496 0.261 1.567
 6.964 0.210 -2.372
 4.465 -0.121 1.874
 5.833 0.017 -0.303
 10.245 -0.082 -1.334
 7.790 0.128 1.137
 4.320 0.129 3.066
 8.010 0.173 2.261
 8.983 0.074 -2.641
 5.929 -0.134 -2.449
 4.179 0.005 2.203
 4.238 -0.178 2.082
 15.263 -0.320 -2.641
 4.660 -0.314 -1.863
 7.029 0.183 1.989
 6.746 0.276 1.862
 7.993 -0.259 -2.334
 5.082 0.218 2.356
 5.965 0.253 2.317
 9.298 0.215 -0.222
 4.153 0.300 3.120
 5.038 0.243 -2.766
 4.349 0.046 1.516
 4.302 0.010 -2.320
 5.924 0.189 2.028
 6.902 0.124 0.502
 8.778 -0.262 0.329
 15.762 -0.177 -2.172
 5.302 -0.208 1.279
 5.043 0.107 -1.976
 4.987 0.211 -0.368
 6.763 -0.238 -1.556
 11.389 0.332 1.518
 10.772 -0.276 2.155
 9.605 -0.051 -2.622
 4.362 0.097 3.043
 4.361 -0.151 -2.704
 4.605 -0.048 1.370
 5.564 0.261 -1.530
 6.992 0.022 2.831
 9.294 0.197 1.398
 5.604 0.193 1.371
 6.491 0.028 0.887
 5.544 0.218 1.313
 4.289 -0.348 1.782
 4.631 0.301 0.138
 5.757 -0.059 1.650
 7.308 -0.020 0.786
 6.060 -0.187 1.337
 5.024 -0.156 1.187
 12.976 -0.049 -0.494
 8.268 -0.347 1.658
 9.792 -0.307 -2.210
 5.369 0.217 -2.713
 4.031 -0.074 -0.487
 7.276 0.078 -2.481
 5.783 0.182 -2.372
 8.141 -0.341 -0.096
 4.365 0.312 0.546
 8.187 0.294 1.378
 7.151 -0.230 1.670
 9.847 0.251 -3.111
 4.970 0.203 -0.140
 4.156 0.161 1.370
 4.251 0.202 -1.617
 10.748 0.163 -0.357
 6.110 -0.177 -1.875
 4.442 -0.280 -2.993
 8.981 -0.039 2.395
 5.418 0.257 -0.274
 6.545 -0.226 2.768
 7.188 -0.341 1.708
 4.351 0.006 0.029
 5.762 0.042 2.547
 4.164 0.306 -0.276
 14.506 0.235 -0.357
 5.041 0.178 -1.495
 8.982 0.247 2.416
 4.375 0.120 -0.519
 8.870 0.304 1.099
 4.228 0.022 -2.217
 5.474 0.043 0.439
 8.204 0.271 -2.129
 4.137 0.328 2.106
 6.863 -0.011 -2.726
 6.615 -0.201 -2.282
 4.095 -0.107 -3.094
 7.698 -0.222 -0.690
 5.053 0.173 -1.078
 4.439 -0.156 2.980
 6.687 -0.084 -3.094
 7.380 -0.167 -2.957
 5.931 -0.346 -2.715
 8.596 0.276 1.297
 7.763 0.276 1.828
 8.022 0.323 -2.708
 8.755 0.338 0.234
 12.140 0.291 -2.623
 6.005 -0.292 2.468
 4.023 -0.277 -0.220
 4.145 -0.075 1.020
 6.227 -0.283 2.363
 4.054 0.059 -0.078
 5.347 0.035 -0.145
 4.608 0.345 -0.251
 4.122 -0.170 -0.572
 6.582 -0.237 -0.482
 4.001 -0.033 1.323
 6.344 0.102 0.551
 5.555 0.290 2.317
 5.005 -0.073 -1.815
 4.317 0.080 -3.120
 5.085 -0.280 1.833
 4.693 -0.063 -2.433
 7.166 0.068 -2.274
 6.687 0.257 -3.123
 7.126 0.187 0.124
 4.203 0.130 -3.100
 4.451 0.271 -2.927
 8.706 -0.130 2.091
 8.079 -0.281 1.671
 4.998 -0.014 -2.987
 6.193 0.163 -2.684
 6.542 0.175 3.129
 5.449 0.346 -1.709
 6.387 0.039 -1.659
 4.330 0.141 -0.585
 12.088 -0.264 -1.637
 9.607 0.308 1.651
 4.288 -0.281 -1.629
 6.032 -0.264 0.882
 5.458 0.287 -1.999
 4.688 0.247 1.192
 4.610 -0.022 -2.292
 4.189 -0.295 2.033
 5.552 0.155 -2.787
 6.313 0.236 2.337
 13.870 0.297 3.022
 16.610 -0.158 2.351
 8.497 0.122 -2.826
 5.014 0.095 0.430
 5.142 0.201 -0.201
 5.618 0.093 3.012
 4.540 0.060 -0.262
 4.118 0.010 -0.431
 5.952 -0.233 -0.045
 9.784 -0.006 -0.203
 4.945 0.129 -1.970
 4.560 0.130 1.273
 6.562 -0.187 0.940
 7.376 -0.067 -2.372
 15.691 0.347 0.672
 6.425 -0.051 1.924
 4.319 -0.130 3.078
 5.910 0.149 -2.168
 4.112 -0.000 2.885
 7.121 -0.320 1.803
 4.375 -0.245 -1.704
 6.229 0.188 2.341
 8.277 -0.296 -3.028
 6.804 0.130 1.636
 4.497 0.009 -1.278
 5.502 -0.230 2.673
 6.503 0.111 2.803
 8.245 -0.331 0.154
 5.668 -0.247 -0.748
 5.764 0.220 2.545
 4.373 0.188 2.291
 5.224 -0.308 -0.106
 4.688 0.224 2.792
 8.558 0.288 -2.700
 5.619 -0.086 -2.823
 4.041 -0.207 0.854
 10.086 0.110 1.362
 4.225 -0.199 -1.124
 6.351 -0.326 -2.559
 4.724 -0.126 0.699
 5.272 0.301 -2.714
 4.252 0.238 -2.565
 5.484 0.300 -1.686
 7.627 -0.151 -2.354
 4.439 -0.260 2.513
 4.403 0.214 -1.099
 4.331 0.315 1.854
 8.883 -0.268 2.402
 4.530 0.124 -1.689
 10.748 0.221 2.053
 9.210 -0.128 0.170
 11.438 0.016 -1.650
 5.414 -0.071 -0.623
 5.094 -0.323 2.405
 4.029 0.231 -1.364
 6.734 -0.074 3.085
 6.116 0.198 2.738
 4.099 0.120 1.592
 4.548 0.045 1.236
 5.240 0.053 1.250
 4.094 -0.054 -2.795
 6.837 0.142 3.010
 5.006 -0.119 0.263
 5.177 -0.016 -1.380
 5.709 -0.248 -1.502
 8.240 -0.102 -2.888
 4.564 -0.280 0.315
 6.042 -0.031 -2.191
 4.148 -0.320 -2.134
 4.438 -0.132 -2.678
 8.232 -0.099 1.494
 6.462 0.241 -1.899
 8.409 -0.324 1.852
 5.905 0.228 2.202
 5.810 -0.086 -0.024
 4.248 0.085 2.243
 7.352 -0.309 0.077
 12.665 -0.236 -1.053
 4.006 -0.346 0.305
 6.099 0.132 -1.718
 9.528 0.102 -2.838
 5.037 0.198 2.393
 5.585 -0.126 2.527
 5.036 -0.286 0.344
 9.002 -0.222 2.589
 5.843 -0.224 2.540
 7.482 0.013 -0.351
 5.996 0.095 -1.434
 18.459 0.172 0.842
 15.665 -0.150 1.893
 4.773 -0.274 -0.458
 13.463 0.185 2.675
 4.448 0.274 1.850
 4.754 0.167 0.887
 7.252 -0.281 2.347
 11.672 -0.159 0.320
 6.089 0.076 1.762
 5.844 -0.238 1.647
 5.395 -0.322 1.608
 6.538 -0.173 -1.448
 16.024 0.296 -3.002
 16.535 -0.050 -0.361
 13.146 0.222 -1.083
 4.633 -0.087 -0.766
 24.144 -0.174 2.216
 9.172 0.218 -2.771
 4.329 0.019 -1.647
 6.890 -0.308 1.583
 5.442 0.342 2.363
 10.103 -0.223 1.597
 7.864 -0.105 1.584
 6.933 0.244 2.076
 10.897 -0.047 1.757
 5.332 0.329 -0.870
 8.704 0.210 1.338
 4.851 0.281 1.353
 6.978 -0.110 1.207
 5.193 -0.255 0.749
 5.693 0.272 0.616
 6.046 -0.302 0.745
 4.574 0.253 -1.861
 5.896 -0.243 -2.548
 12.280 -0.191 -1.352
 5.952 0.277 -1.080
 5.278 0.036 0.309
 4.657 -0.301 -1.066
 5.246 -0.279 2.368
 9.671 -0.018 -2.893
 5.720 -0.303 0.127
 4.653 -0.324 -2.423
 4.626 0.085 1.579
 7.099 0.058 0.176
 5.033 -0.097 -0.508
 4.192 0.019 -2.026
 12.378 -0.276 2.836
 4.971 -0.273 -1.661
 4.048 -0.244 1.358
 4.548 -0.296 1.320
 5.178 0.222 2.821
 19.060 -0.143 0.485
 5.821 -0.219 3.140
 19.006 0.243 0.247
 4.871 0.091 -1.510
 7.056 0.227 2.335
 7.166 -0.063 1.752
 17.139 0.149 -2.039
 5.112 0.181 -2.032
 5.068 -0.147 2.671
 4.430 0.006 2.614
 4.096 -0.168 1.443
 4.061 -0.175 -0.891
 4.179 0.310 -0.067
 10.007 0.176 0.921
 12.045 -0.141 -0.263
 5.680 0.264 0.690
 5.741 -0.125 -2.869
 13.680 -0.345 1.922
 10.674 -0.195 1.561
 5.049 0.286 1.879
 4.807 0.299 2.105
 4.582 -0.019 2.256
 6.674 0.027 2.407
 5.774 0.300 -0.612
 7.515 0.114 3.013
 4.280 0.105 -1.239
 4.258 0.284 1.438
 6.015 0.307 1.498
 4.460 -0.096 -0.735
 4.917 -0.080 -0.582
 6.367 0.239 -0.538
 11.178 0.043 -1.911
 8.594 -0.338 1.616
 4.059 0.326 -1.291
 4.486 -0.296 0.292
 5.279 -0.035 -0.623
 4.099 -0.335 -0.754
 11.807 0.232 -1.198
 5.197 -0.308 2.102
 11.371 -0.154 -0.427
 5.635 -0.265 3.094
 4.751 0.224 1.597
 4.431 -0.042 -1.046
 4.063 -0.010 -2.201
 10.542 0.175 1.010
 4.511 0.035 -2.320
 5.071 0.016 1.545
 4.071 -0.267 -2.023
 4.406 -0.280 2.430
 6.211 0.220 -2.286
 6.397 0.206 2.276
 4.331 -0.202 -1.277
 5.943 0.221 -0.626
 8.262 -0.208 0.814
 4.312 0.304 1.368
 23.787 0.286 2.687
 11.592 -0.236 -2.775
 4.344 0.321 -2.776
 13.696 0.252 -2.697
 8.014 -0.232 0.566
 4.030 0.284 1.563
 12.569 0.201 2.950
 7.742 -0.016 -2.746
 5.054 -0.229 2.792
 6.127 -0.207 -1.932
 6.626 -0.329 0.920
 6.327 0.161 0.819
 5.938 -0.226 -2.319
 19.183 0.350 -1.582
 12.990 0.282 -1.848
 7.754 0.234 3.063
 5.510 0.107 -2.410
 4.237 -0.347 -1.003
 4.042 -0.008 2.214
 4.895 -0.232 -2.261
 10.674 -0.174 -0.034
 9.201 0.049 -2.667
 6.202 -0.314 1.120
 5.010 0.105 2.339
 5.264 0.015 -0.602
 7.806 -0.019 -0.477
 5.326 -0.073 1.879
 4.205 -0.310 2.182
 4.434 0.108 -2.039
 7.020 -0.036 3.063
 5.945 0.037 1.458
 4.396 -0.262 3.086
 4.542 0.015 -2.774
 4.943 -0.034 -1.192
 5.952 0.274 2.246
 6.397 -0.108 -1.346
 5.314 0.042 2.589
 5.682 0.026 -1.382
 9.466 -0.019 -1.465
 5.875 -0.325 2.113
 7.269 -0.295 -0.764
 10.565 -0.285 2.228
 5.059 -0.116 2.622
 4.576 0.074 -2.534
 11.339 -0.004 2.314
 7.101 0.087 -0.026
 4.056 0.128 0.140
 7.319 0.327 -0.886
 5.182 0.335 -0.958
 4.938 0.121 0.065
 4.055 0.159 2.113
 5.305 -0.212 1.752
 4.924 0.129 -0.703
 5.368 -0.331 -2.832
 4.264 -0.091 2.585
 4.260 -0.036 0.026
 6.063 -0.173 0.015
 4.774 -0.095 1.736
 6.677 -0.072 2.962
 5.478 0.019 0.236
 5.062 0.136 2.248
 6.840 -0.258 1.090
 10.090 -0.179 1.158
 5.516 0.043 1.912
 4.087 -0.181 -0.429
 4.547 -0.072 1.362
 4.299 -0.219 -2.932
 9.110 -0.224 -1.004
 5.792 -0.288 -2.662
 4.662 0.231 1.737
 5.121 -0.319 -2.974
 6.890 0.233 -3.039
 11.223 -0.007 -1.918
 4.653 -0.177 1.162
 7.664 0.309 0.812
 11.270 0.020 -2.578
 4.052 0.197 0.918
 6.113 0.080 -1.537
 4.168 0.170 -0.428
 4.631 -0.187 2.925
 20.752 -0.236 2.669
 10.814 0.298 2.371
 4.896 0.190 1.422
 5.922 0.083 -1.866
 4.537 -0.215 -2.878
 6.603 0.056 0.275
 5.363 -0.011 -1.835
 6.574 -0.171 -0.478
 5.140 0.267 2.811
 12.752 0.338 2.857
 8.944 -0.312 2.381
 7.588 -0.191 3.061
 11.925 0.198 1.532
 11.026 -0.335 0.204
 12.840 -0.017 -0.377
 4.282 -0.186 2.599
 7.558 0.256 0.915
 4.312 0.237 -0.424
 4.504 -0.116 -2.575
 6.582 -0.001 0.677
 9.927 0.168 1.966
 6.279 0.021 -2.821
 5.209 0.046 0.835
 4.955 -0.005 -1.328
 6.116 -0.277 -1.611
 5.838 -0.033 -1.901
 4.797 0.115 -2.658
 11.073 0.197 2.127
 4.630 0.012 -1.779
 4.220 -0.057 -1.837
 4.118 -0.174 -1.371
 6.833 -0.097 -2.176
 19.685 -0.230 1.734
 6.337 -0.087 -0.111
 5.509 -0.323 2.070
 4.033 -0.214 1.512
 4.234 -0.130 -2.590
 5.725 0.085 -2.826
 5.175 -0.102 3.074
 4.384 -0.195 2.685
 6.746 -0.096 1.154
 5.794 -0.210 -0.071
 4.052 0.321 0.762
 6.617 -0.313 -1.885
 5.423 -0.329 -1.969
 7.560 0.224 0.868
 5.394 -0.243 1.095
 16.165 -0.186 1.272
 4.136 0.046 0.738
 4.938 -0.101 1.585
 12.775 -0.119 1.172
 8.489 0.289 1.863
 8.293 0.321 -0.342
 4.455 0.245 -0.363
 4.994 -0.280 1.323
 4.817 -0.106 -2.021
 7.028 -0.285 0.509
 9.626 -0.116 0.519
 4.711 0.107 1.669
 6.847 -0.082 -2.073
 7.904 0.249 1.474
 6.167 0.048 1.968
 5.695 0.097 1.584
 4.659 -0.191 -0.435
 4.106 0.120 1.533
 6.721 -0.081 -2.359
 14.381 -0.043 -2.015
 9.114 -0.123 1.934
 8.460 0.330 2.389
 6.461 -0.047 -0.904
 8.412 0.129 -1.037
 13.545 0.019 0.171
 10.218 0.276 2.400
 4.355 0.125 0.448
 5.501 0.311 0.871
 5.557 0.113 -1.868
 4.599 -0.303 1.896
 6.791 -0.158 1.967
 5.015 -0.232 2.038
 5.623 -0.190 1.458
 19.481 0.314 2.171
 4.442 0.000 2.260
 11.756 0.043 -1.689
 6.343 0.103 -1.181
 4.677 -0.084 -2.262
 11.094 -0.165 -2.403
 8.675 -0.310 -0.075
 4.106 -0.175 2.801
 6.301 -0.024 -0.141
 6.128 -0.245 -2.451
 18.513 0.139 -2.237
 11.338 0.161 0.589
 7.035 -0.160 2.721
 6.897 0.260 1.084
 4.852 -0.257 2.732
 4.483 -0.274 -0.868
 7.518 0.326 0.468
 7.642 -0.031 -3.061
 9.983 -0.333 -1.943
 4.975 -0.233 -2.481
 4.609 -0.148 0.181
 4.358 0.046 2.869
 4.893 0.212 -0.310
 5.913 0.196 1.583
 4.270 0.012 2.713
 5.526 -0.160 -1.166
 4.646 -0.299 1.759
 9.276 0.015 0.745
 10.488 0.156 1.018
 7.336 -0.318 2.238
 7.851 0.295 1.734
 12.618 -0.048 1.410
 5.084 0.128 -0.790
 4.492 0.110 0.661
 8.118 -0.274 1.670
 5.391 -0.291 -1.593
 5.812 0.122 -2.914
 5.364 -0.036 2.155
 9.169 0.129 1.072
 4.515 -0.327 2.286
 8.566 0.139 1.954
 12.002 0.206 -2.313
 5.988 0.085 -2.322
 4.374 0.167 -2.301
 4.714 -0.203 -0.648
 5.034 -0.055 2.179
 5.667 -0.005 -1.682
 8.196 -0.133 -0.586
 4.662 0.294 0.460
 4.618 0.172 -3.075
 4.705 -0.194 -0.572
 4.590 -0.334 0.407
 8.655 -0.289 1.502
 4.583 0.271 1.081
 5.350 0.123 1.067
 10.606 -0.190 2.700
 4.148 -0.117 2.157
 6.450 0.036 -1.951
 5.783 -0.315 0.565
 4.384 0.247 -2.348
 7.960 -0.029 1.290
 13.793 0.083 -1.226
 10.629 -0.154 1.724
 8.327 0.159 -0.881
 5.415 0.338 1.633
 16.916 0.062 2.762
 7.145 0.051 0.753
 10.190 0.056 0.677
 8.696 0.287 -0.105
 26.732 -0.021 2.902
 4.150 -0.344 1.497
 4.837 0.165 -0.026
 6.504 0.340 2.897
 5.259 0.247 -1.154
 7.599 0.229 -2.841
 4.112 -0.148 -2.483
 5.003 -0.062 -2.525
 6.662 -0.148 0.792
 10.025 0.023 -0.903
 6.640 0.334 -1.596
 6.560 0.065 -2.061
 7.774 0.342 2.327
 6.495 -0.334 1.368
 4.186 -0.330 0.517
 4.544 0.206 0.806
 13.453 0.132 -2.484
 4.505 -0.150 2.947
 5.136 -0.271 -1.012
 14.123 0.258 0.279
 5.677 0.278 -1.924
 9.070 0.051 -1.073
 6.147 -0.231 2.152
 8.338 -0.201 -1.079
 5.225 -0.156 -0.084
 5.385 0.298 3.129
 12.011 0.209 -3.091
 7.689 0.071 0.392
 9.372 0.082 0.626
 6.664 0.048 -0.376
 13.210 0.182 -2.410
 11.442 -0.131 -3.027
 6.507 -0.243 1.646
 4.817 0.013 -2.549
 4.602 -0.025 1.403
 5.367 0.088 0.565
 4.770 -0.172 0.447
 4.207 0.317 -1.226
 5.034 0.198 2.747
 8.709 0.239 2.655
 6.412 -0.033 -0.964
 11.156 -0.085 -1.474
 9.524 -0.270 -0.556
 7.025 0.342 2.713
 12.004 0.179 1.688
 5.585 0.255 -3.042
 7.604 0.289 -3.047
 21.876 -0.237 2.115
 11.967 -0.166 1.859
 6.312 -0.064 2.303
 5.739 -0.050 2.448
 7.280 -0.141 -1.139
 6.052 0.298 -1.717
 4.345 0.085 -2.056
 4.978 -0.312 0.457
 4.988 0.299 -0.471
 4.188 -0.059 -1.003
 4.440 0.288 -2.669
 7.661 0.070 -0.861
 6.014 -0.304 0.843
 8.944 -0.039 -2.092
 4.021 -0.146 -2.998
 4.665 0.206 -2.090
 5.973 0.037 -1.276
 5.216 0.023 2.094
 5.913 0.037 3.089
 7.882 0.006 3.117
 5.300 0.212 -2.453
 4.085 -0.186 0.810
 4.236 -0.123 -1.384
 8.426 0.308 1.703
 5.285 -0.332 2.373
 9.683 0.083 1.566
 6.235 -0.080 -0.924
 6.094 -0.289 1.259
 4.969 -0.205 2.012
 7.701 0.137 2.908
 5.684 -0.005 1.809
 5.227 0.105 2.703
 5.155 0.180 -0.832
 4.912 0.101 -3.069
 10.967 -0.268 -0.010
 7.526 -0.262 -0.013
 5.221 0.286 0.311
 6.835 -0.086 1.556
 4.223 -0.301 1.471
 6.767 0.267 -1.182
 4.195 0.114 1.990
 7.560 -0.015 -1.685
 10.941 0.009 1.060
 5.592 0.081 1.869
 6.636 0.235 0.239
 11.877 0.004 -1.635
 7.413 0.237 -2.759
 7.485 0.297 -2.832
 4.127 -0.294 -0.861
 6.147 0.317 2.969
 6.736 0.198 -1.428
 10.578 0.311 2.697
 4.763 0.296 1.890
 6.304 0.084 -0.267
 8.414 0.090 -1.853
 4.290 -0.231 1.249
 4.146 0.120 -3.052
 5.814 -0.207 -0.853
 5.404 -0.214 -0.794
 6.907 -0.180 0.260
 4.962 -0.122 -0.078
 4.070 -0.139 -2.253
 6.991 0.220 -2.388
 6.628 -0.207 0.045
 4.199 0.110 0.514
 7.654 0.310 -3.118
 14.663 0.214 -1.327
 10.793 -0.042 -1.177
 4.060 0.260 1.609
 7.068 0.311 1.620
 7.759 0.015 -1.799
 11.878 -0.297 -1.254
 8.126 -0.043 2.437
 4.562 0.167 1.592
 6.237 -0.197 2.511
 4.494 -0.329 -2.627
 5.759 -0.204 2.418
 4.748 -0.102 2.482
 4.128 0.086 -1.986
 4.930 0.291 -1.583
 5.884 0.225 1.867
 8.435 -0.308 -2.852
 7.036 -0.228 -1.453
 4.327 -0.004 -1.117
 4.704 0.092 -1.228
 8.170 0.064 -0.452
 4.321 0.236 2.347
 6.102 -0.033 -0.815
 10.139 0.298 2.162
 6.139 -0.114 0.241
 4.619 0.093 2.360
 4.838 0.066 2.810
 6.095 0.258 -1.568
 4.236 0.287 0.365
 5.852 -0.292 -0.428
 4.964 0.137 -2.931
 6.006 0.237 -0.171
 9.117 0.103 -2.167
 7.463 0.173 2.886
 4.487 0.012 -2.128
 4.814 -0.214 3.079
 4.999 -0.254 -2.734
 5.067 -0.162 1.066
 6.310 0.258 -1.908
 8.887 0.276 -1.895
 5.430 -0.187 1.208
 4.284 -0.230 -2.729
 11.114 -0.254 -0.886
 7.682 0.156 0.655
 7.413 -0.032 0.650
 4.026 -0.103 -2.096
 4.137 0.159 -0.667
 4.042 -0.225 -2.924
 8.910 0.074 -2.686
 6.632 -0.224 2.885
 8.281 -0.324 2.895
 14.129 0.180 -1.302
 5.276 0.134 -1.282
 15.417 -0.036 -1.934
 5.851 0.135 -0.500
 6.150 0.300 1.448
 6.067 -0.043 2.346
 6.443 -0.151 -0.358
 4.649 0.305 -1.330
 4.457 -0.300 0.719
 9.096 -0.016 -2.366
 4.638 0.120 -2.476
 4.843 -0.239 1.967
 4.686 -0.093 0.224
 13.823 -0.080 1.178
 4.128 -0.201 2.946
 6.988 -0.305 -1.751
 10.838 -0.035 -1.510
 9.109 0.039 -1.675
 5.195 0.180 -1.513
 13.849 -0.077 -2.174
 5.229 -0.296 -0.234
 4.209 0.179 -2.481
 5.611 -0.101 -1.581
 5.614 0.122 0.225
 9.339 0.245 -3.040
 8.064 -0.188 0.887
 10.038 0.053 -0.314
 9.552 0.238 -2.915
 13.768 -0.227 0.498
 4.666 0.253 -0.513
 9.078 -0.243 -1.147
 4.978 0.260 0.880
 5.820 -0.260 2.123
 4.821 0.263 0.109
 5.039 -0.023 2.409
 14.639 -0.031 1.569
 4.501 0.266 -0.762
 4.294 0.057 -0.510
 5.910 0.137 -2.518
 5.479 0.253 -2.379
 4.865 -0.101 -0.996
 4.157 -0.040 -1.421
 8.751 -0.051 1.513
 9.540 0.188 -0.369
 4.282 0.197 -0.276
 5.810 -0.292 1.700
 6.967 0.216 -1.219
 4.795 0.212 2.703
 5.954 0.164 -1.745
 4.108 0.123 1.651
 13.019 -0.127 -3.038
 7.263 0.255 -0.213
 7.188 0.027 -0.276
 6.289 0.281 -0.376
 4.330 0.016 -1.406
 6.650 -0.103 -0.122
 4.044 0.002 -0.066
 4.099 -0.222 1.212
 6.066 -0.164 1.107
 4.759 0.006 -2.091
 14.257 -0.278 1.542
 4.824 0.054 -1.683
 4.213 0.128 -0.641
 8.673 0.346 0.337
 5.083 -0.063 1.761
 5.362 -0.154 0.583
 4.477 -0.253 0.927
 8.698 -0.241 2.887
 5.495 0.282 1.599
 11.860 0.016 3.103
 4.723 -0.218 -0.986
 5.522 0.236 2.291
 4.467 0.170 2.931
 5.854 0.086 -1.486
 7.198 0.067 -2.518
 10.063 -0.132 -1.047
 15.487 0.311 2.950
 8.581 0.286 -1.551
 4.639 -0.043 -0.278
 4.117 -0.053 -1.683
 4.460 0.199 2.533
 5.953 0.069 2.559
 4.244 0.016 3.135
 6.406 0.266 0.673
 4.375 0.174 -2.028
 4.166 0.169 0.553
 6.097 -0.273 1.910
 6.055 0.294 3.123
 5.086 0.254 -3.066
 15.672 -0.094 -0.166
 7.732 -0.054 -0.378
 10.274 0.118 -0.487
 8.933 -0.228 -2.780
 4.745 0.070 2.945
 12.149 -0.182 -0.246
 5.185 -0.276 -0.726
 4.505 -0.202 1.011
 8.456 0.206 -1.056
 7.349 0.132 -0.011
 7.432 0.099 -0.701
 4.636 -0.049 2.516
 4.908 -0.048 2.045
 8.183 0.120 -1.153
 7.726 -0.261 -2.692
 4.091 0.307 0.136
 6.192 -0.269 2.592
 4.855 -0.178 0.088
 5.151 0.103 2.632
 4.625 -0.020 2.519
 4.033 0.338 -0.435
 4.024 -0.026 2.117
 6.137 -0.207 -2.432
 13.707 -0.170 0.620
 4.588 -0.104 2.520
 8.363 0.058 0.605
 8.280 -0.234 1.944
 11.024 0.219 -2.277
 5.791 0.331 -2.192
 11.449 0.038 -0.271
 8.922 -0.153 2.136
 4.498 -0.030 1.241
 5.130 -0.001 -1.314
 13.322 -0.195 2.312
 5.429 -0.147 -1.921
 10.862 0.174 -2.540
 4.485 0.012 -2.540
 5.240 0.280 -2.523
 6.709 -0.023 2.872
 15.614 -0.070 -2.062
 4.345 -0.073 2.980
 5.087 0.179 0.039
 4.242 -0.051 2.439
 9.211 -0.265 1.676
 8.481 -0.192 -2.439
 4.054 -0.200 -2.574
 4.915 -0.087 0.748
 7.437 0.092 -2.323
 5.601 0.220 2.592
 4.180 -0.035 3.091
 5.023 0.140 0.066
 5.585 -0.065 2.189
 4.303 0.102 2.739
 15.749 0.031 -1.096
 4.297 0.190 2.858
 7.600 0.036 -2.025
 10.278 0.019 -2.079
 5.338 0.251 0.542
 4.528 0.172 -1.403
 4.885 0.199 0.747
 5.271 -0.104 -0.804
 7.929 0.205 2.363
 5.004 0.256 -2.739
 5.161 -0.017 0.287
 4.704 -0.275 0.657
 4.128 0.291 3.001
 4.224 -0.021 -1.674
 4.405 0.155 -0.071
 6.049 0.289 -1.215
 4.242 -0.173 2.609
 4.185 -0.139 1.361
 4.112 -0.255 -1.919
 5.463 0.096 -2.579
 4.174 0.218 0.256
 6.567 -0.031 0.760
 8.460 -0.182 2.031
 4.285 -0.070 -1.470
 4.146 0.233 -1.937
 4.059 -0.012 1.527
 5.275 0.133 -1.957
 4.204 -0.077 -2.103
 4.001 -0.071 1.138
 4.106 0.069 1.005
 4.945 -0.047 0.496
 6.716 0.145 0.207
 6.907 -0.074 -0.658
 4.610 -0.067 -0.471
 8.228 0.345 0.401
 10.679 -0.264 1.710
 7.873 0.256 -1.327
 7.305 0.142 3.089
 6.309 0.212 0.634
 8.396 0.329 0.502
 4.541 -0.261 -1.595
 4.670 -0.338 2.557
 4.958 0.047 1.900
 4.021 -0.244 2.233
 5.532 -0.011 1.695
 10.608 -0.322 -2.504
 4.007 -0.213 0.064
 4.382 -0.206 2.476
 5.209 -0.046 2.547
 4.918 -0.277 1.781
 4.055 -0.211 -1.428
 8.708 -0.082 -1.886
 4.356 0.222 -1.489
 6.862 -0.046 1.059
 5.469 -0.318 -2.583
 7.306 -0.179 -2.624
 8.555 0.066 0.645
 6.541 -0.051 -2.258
 6.819 -0.183 1.319
 13.685 -0.295 -1.332
 6.330 0.243 0.405
 7.471 0.081 1.218
 4.342 -0.229 2.903
 8.283 0.341 1.044
 8.210 0.246 1.947
 4.373 -0.050 2.287
 5.717 0.130 -1.964
 4.697 0.294 0.304
 4.118 0.116 -1.606
 5.479 -0.075 1.389
 5.027 0.001 2.346
 8.187 -0.118 2.410
 7.857 -0.278 -3.079
 11.988 0.149 -2.877
 5.074 0.253 2.779
 10.152 -0.166 -0.864
 10.202 -0.069 -3.023
 6.342 -0.345 -0.595
 5.420 -0.037 2.413
 4.886 -0.197 -1.858
 4.182 0.039 2.508
 4.300 0.060 1.227
 6.917 -0.336 -3.021
 4.116 0.023 -2.692
 6.778 0.316 1.831
 7.708 -0.347 1.604
 4.647 -0.066 -0.995
 16.602 0.299 0.356
 5.004 -0.293 -2.649
 4.835 0.288 0.359
 4.859 0.161 0.127
 7.754 -0.018 -0.434
 4.100 0.237 -2.280
 4.416 -0.135 -0.235
 4.889 0.159 1.887
 5.284 0.116 1.516
 5.390 -0.237 -0.385
 5.185 -0.130 2.110
 4.151 -0.203 -0.474
 6.362 0.070 -0.837
 5.775 0.245 2.181
 9.413 0.258 2.313
 4.466 -0.311 -0.571
 4.515 -0.175 -0.885
 4.022 -0.141 -1.920
 4.592 0.201 -0.714
 12.399 0.219 -1.923
 4.084 -0.085 -2.895
 6.047 0.172 1.883
 15.810 0.128 -3.093
 5.645 0.104 0.863
 7.498 -0.228 -2.634
 4.643 -0.032 1.414
 4.278 0.302 -1.619
 4.763 -0.183 0.977
 4.279 -0.049 -0.657
 4.344 -0.176 3.114
 4.369 -0.183 -2.764
 5.371 -0.230 1.757
 5.463 0.088 0.923
 6.091 -0.242 0.847
 4.157 0.072 -2.386
 6.550 0.029 0.306
 12.084 -0.053 2.476
 10.233 0.110 2.572
 5.852 -0.252 3.026
 4.899 -0.161 -2.274
 5.556 0.017 -2.744
 4.524 0.038 -2.908
 10.543 -0.174 0.758
 4.165 0.265 -2.452
 5.343 0.065 -2.716
 7.675 0.102 -0.046
 8.708 -0.155 -0.090
 7.032 0.036 1.342
 9.869 -0.163 2.693
 4.780 0.284 0.151
 4.283 0.025 -2.324
 6.378 -0.282 1.500
 7.487 -0.281 -0.042
 4.621 0.198 2.288
 6.668 -0.179 2.114
 4.865 -0.144 2.054
 4.020 0.079 1.490
 7.870 -0.135 2.164
 4.308 0.038 2.702
 5.531 -0.003 2.760
 6.283 -0.225 -1.749
 5.307 0.096 1.438
 7.431 -0.148 2.807
 7.145 -0.167 -2.882
 9.435 0.273 0.505
 11.470 -0.036 2.583
 5.218 -0.311 -2.759
 4.383 -0.252 1.150
 9.449 0.051 0.504
 4.182 -0.148 -0.823
 5.258 -0.236 2.133
 13.986 -0.181 -0.899
 4.830 -0.164 1.574
 10.644 0.175 -2.874
 4.721 -0.167 -0.568
 4.439 -0.124 -1.214
 5.169 0.221 1.041
 9.390 0.335 1.136
 10.788 0.325 2.862
 4.654 0.058 2.313
 8.362 0.205 2.555
 7.593 -0.034 2.427
 4.397 0.141 -0.727
 13.644 -0.292 -0.722
 4.957 0.313 -1.697
 6.932 -0.195 -0.385
 6.357 0.222 -0.627
 7.134 0.174 -0.691
 4.340 -0.218 -1.921
 4.571 -0.156 -2.474
 11.313 -0.008 2.512
 4.709 0.164 0.085
 6.236 -0.054 -0.510
 4.894 0.310 -1.450
 4.756 -0.320 1.979
 4.251 -0.262 1.053
 6.454 -0.098 -2.388
 7.159 -0.067 -2.845
 4.055 -0.038 -2.664
 7.464 0.022 2.486
 4.110 -0.102 1.520
 6.059 -0.019 2.677
 4.502 0.219 2.631
 22.571 0.017 2.700
 4.563 -0.261 2.325
 4.159 0.249 1.109
 5.131 -0.248 2.807
 5.123 0.281 1.754
 18.385 0.175 0.001
 6.380 -0.042 0.939
 12.058 -0.261 0.809
 4.534 -0.172 -0.361
 4.093 -0.038 -2.181
 5.780 -0.029 0.382
 4.718 0.177 -3.030
 9.030 -0.148 2.644
 5.207 0.293 -0.082
 4.470 0.128 -0.657
 7.649 0.338 1.313
 4.347 -0.108 -1.148
 10.715 0.265 1.052
 4.160 0.224 2.777
 7.336 0.005 0.489
 8.159 -0.095 -0.247
 5.535 -0.163 -0.295
 8.370 0.347 1.870
 4.753 -0.137 1.776
 7.091 0.339 2.264
 6.328 -0.256 2.469
 4.215 0.067 -3.079
 8.373 -0.069 1.866
 15.041 -0.230 -2.623
 6.072 0.007 -0.730
 4.922 0.191 2.290
 7.469 -0.335 -2.934
 6.640 -0.109 0.026
 11.834 -0.009 0.557
 4.313 0.019 2.595
 7.362 0.335 -0.468
 4.272 0.174 -0.079
 5.858 0.259 -2.552
 12.474 0.065 -1.688
 8.941 -0.255 3.013
 9.685 -0.256 2.230
 4.086 -0.203 1.775
 5.639 0.305 -1.210
 7.501 -0.013 -1.719
 14.094 -0.098 0.892
 4.665 0.026 -1.993
 6.227 0.261 0.157
 4.032 -0.152 3.083
 6.977 -0.055 -0.200
 4.920 0.089 3.043
 5.583 0.004 2.942
 8.712 0.116 -0.231
 8.139 0.245 -0.173
 6.398 0.307 -0.118
 8.690 0.043 -1.812
 8.544 0.158 2.374
 4.256 -0.227 0.728
 5.037 -0.346 -0.235
 8.791 0.322 0.990
 4.077 0.279 0.107
 4.559 0.151 2.185
 4.518 0.305 -2.637
 11.892 0.210 1.738
 4.711 0.171 1.655
 8.116 0.311 -0.059
 5.557 -0.098 0.602
 4.467 0.067 -0.081
 4.894 -0.257 -3.035
 6.392 -0.233 -1.394
 6.333 0.254 1.136
 4.303 0.054 -2.997
 11.720 -0.068 -0.146
 4.000 0.274 -0.914
 5.872 0.052 2.180
 4.641 0.305 2.778
 4.054 -0.197 1.377
 5.869 -0.109 0.936
 6.478 -0.034 -2.611
 5.632 0.265 -1.412
 4.992 0.064 -1.457
 7.513 0.120 -1.171
 4.130 -0.327 -2.777
 7.197 -0.250 -1.696
 8.061 -0.001 1.389
 4.303 -0.308 -1.595
 7.781 0.207 1.898
 6.483 0.011 0.189
 5.228 0.040 -0.375
 7.451 0.177 1.917
 8.654 -0.066 1.346
 13.876 0.064 -2.206
 6.463 -0.045 -0.777
 4.919 0.172 -1.891
 4.030 0.211 -1.993
 20.998 0.035 1.686
 5.992 -0.064 -2.797
 7.367 0.047 -2.411
 4.046 0.107 -2.377
 4.027 -0.084 0.747
 5.992 0.134 3.033
 8.393 0.225 -0.581
 5.915 0.060 2.900
 6.374 0.288 -3.118
 7.658 0.071 -0.510
 4.245 -0.255 0.625
 5.900 -0.228 2.521
 6.816 -0.262 -0.488
 4.587 -0.343 3.079
 6.782 0.061 -0.210
 4.346 0.309 -2.191
 4.436 -0.251 2.870
 7.119 0.050 2.908
 6.101 -0.081 0.494
 5.870 0.288 2.516
 7.145 -0.251 -0.897
 7.092 0.323 -0.479
 5.766 0.233 -0.121
 8.768 0.100 1.857
 7.495 -0.136 -2.517
 8.850 -0.158 1.987
 5.783 -0.039 -1.053
 5.982 -0.032 -1.190
 4.441 0.020 2.655
 6.296 -0.061 -2.814
 8.382 0.311 2.267
 6.634 0.275 3.081
 4.476 -0.124 1.161
 5.629 0.024 2.937
 5.416 0.134 2.988
 12.559 0.177 2.726
 7.789 -0.178 -0.301
 4.619 0.350 3.071
 5.046 0.044 1.102
 5.213 0.077 2.323
 5.753 0.180 2.327
 4.434 0.028 2.373
 4.293 0.141 1.948
 7.749 0.335 -2.570
 4.578 0.293 -0.846
 12.996 -0.218 0.404
 5.894 0.043 -1.268
 5.352 0.344 -2.356
 7.253 -0.255 1.998
 6.491 -0.201 -0.214
 7.614 0.121 -1.917
 4.353 -0.030 -1.144
 13.187 -0.076 2.155
 7.037 -0.241 -1.580
 8.321 -0.066 1.060
 4.456 -0.159 -0.426
 4.363 -0.045 2.364
 4.441 -0.015 -2.311
 5.653 -0.209 0.724
 12.943 0.291 -2.743
 5.058 0.151 1.821
 4.990 0.282 1.842
 7.180 -0.076 -1.183
 10.567 -0.080 1.977
 5.649 -0.291 2.821
 4.657 0.008 2.821
 10.596 0.111 -0.362
 4.715 0.034 2.799
 4.144 -0.148 -2.915
 4.378 -0.347 2.212
 5.621 -0.004 1.843
 4.516 -0.081 -1.949
 10.490 0.255 -0.814
 4.076 0.327 -0.614
 10.999 0.127 -2.892
 4.105 0.114 0.903
 8.252 -0.166 1.732
 5.169 -0.007 1.262
 6.737 -0.181 0.097
 5.160 0.204 -2.408
 8.654 0.064 2.515
 4.268 0.048 2.655
 5.536 -0.122 -1.431
 4.130 -0.101 -1.503
 4.208 0.018 -0.699
 6.926 -0.198 2.182
 5.394 -0.197 0.349
 5.645 0.034 -0.975
 9.877 0.111 -2.786
 5.148 0.046 -0.650
 10.922 -0.035 0.428
 6.334 -0.078 -2.519
 5.979 0.154 1.116
 6.016 0.339 0.957
 7.055 0.044 -0.943
 6.303 -0.270 2.843
 4.206 -0.263 -0.731
 8.606 0.101 0.885
 4.642 0.332 -1.768
 8.538 -0.330 -1.694
 6.454 0.025 0.321
 6.845 0.153 -2.402
 4.855 -0.210 0.364
 4.637 -0.164 -2.248
 5.755 0.090 0.725
 11.636 0.230 -0.779
 6.823 0.206 -0.694
 7.127 -0.195 -0.987
 6.185 0.261 2.217
 5.202 0.214 0.860
 4.837 0.165 1.257
 4.003 0.218 2.618
 4.410 -0.058 1.443
 4.279 -0.215 -1.991
 5.993 -0.153 -2.515
 17.010 -0.225 -0.226
 6.724 0.264 -0.252
 9.002 0.311 0.704
 4.004 -0.212 2.303
 7.840 0.080 -3.074
 5.206 0.234 -2.855
 5.136 0.286 0.784
 4.889 -0.140 -2.502
 7.254 0.235 0.852
 4.276 -0.330 0.963
 5.812 0.300 2.637
 5.026 0.011 1.649
 8.384 0.309 0.187
 5.989 0.335 -0.692
 5.142 0.199 -2.283
 4.467 -0.008 -2.716
 9.095 0.131 0.269
 5.286 -0.058 2.116
 4.298 -0.064 -3.065
 4.643 0.155 -2.012
 5.775 -0.306 0.109
 4.446 -0.081 -0.766
 4.131 0.088 -1.421
 4.177 -0.198 -0.976
 4.212 0.114 1.732
 4.222 0.303 -0.537
 4.305 0.234 -0.455
 4.168 0.079 -0.768
 7.487 0.040 -0.714
 5.820 0.013 -0.773
 13.045 0.060 2.461
 4.639 -0.148 2.491
 6.498 -0.009 -2.184
 5.010 0.201 1.227
 8.116 0.329 -1.945
 4.080 0.311 -1.580
 4.256 0.332 -0.949
 6.191 0.160 -0.779
 4.294 -0.245 -1.671
 7.385 -0.342 -1.465
 4.019 -0.143 1.877
 7.399 -0.175 -1.803
 5.408 -0.026 2.415
 4.461 0.295 -2.252
 5.130 -0.039 1.866
 5.295 -0.200 0.970
 4.202 -0.110 -0.352
 4.445 0.320 -1.144
 10.349 0.309 -2.674
 10.708 -0.067 -2.250
 9.818 -0.024 -2.243
 5.154 -0.291 2.877
 4.586 0.130 0.522
 12.873 0.017 0.539
 6.993 -0.225 -0.579
 4.051 0.038 0.713
 4.810 -0.075 -1.799
 5.135 -0.230 0.506
 4.092 0.194 -1.017
 4.231 -0.095 -0.105
 4.772 -0.006 2.894
 6.645 -0.031 0.381
 4.127 -0.278 1.188
 4.146 0.111 -2.347
 12.487 -0.173 -1.921
 14.852 0.080 -2.685
 5.083 0.211 -3.101
 4.354 0.348 -0.563
 5.349 -0.030 -2.809
 11.476 0.052 2.463
 7.182 -0.251 -0.593
 5.881 0.177 1.688
 6.597 -0.313 -2.961
 4.923 0.050 -1.956
 4.489 0.049 1.204
 6.786 -0.094 -0.585
 11.353 0.300 -2.808
 4.045 0.315 -2.824
 5.149 0.087 2.170
 14.101 0.175 -2.275
 8.779 0.041 2.795
 4.805 -0.031 -0.137
 5.382 -0.108 -0.078
 7.192 -0.094 1.060
 7.583 0.176 -2.370
 4.835 0.203 -3.090
 6.863 0.297 3.045
 6.462 0.145 2.899
 6.537 0.087 0.303
 10.190 -0.093 -1.797
 8.789 0.142 1.200
 8.856 -0.021 1.307
 7.276 -0.169 -0.289
 4.185 -0.216 -0.427
 5.318 0.213 1.663
 5.931 0.211 1.378
 4.220 0.101 1.498
 6.328 0.088 -1.495
 4.913 -0.328 1.561
 4.939 0.117 -2.677
 4.519 -0.069 2.836
 4.427 0.290 -1.143
 7.939 0.320 1.538
 4.173 -0.171 -0.636
 4.338 0.333 0.252
 13.737 0.030 1.090
 6.100 0.245 -3.122
 10.518 -0.239 -1.930
 7.926 -0.221 -2.510
 9.003 -0.123 -2.694
 12.840 -0.120 0.403
 11.108 0.020 2.225
 19.061 -0.145 -1.863
 4.716 0.118 1.448
 8.295 -0.340 -0.417
 4.231 -0.046 -2.699
 5.268 -0.318 -2.034
 9.138 -0.280 1.063
 7.569 0.278 -3.054
 5.741 0.135 0.751
 4.063 -0.310 -0.615
 8.160 0.075 3.037
 21.297 -0.080 -2.376
 7.274 -0.333 1.302
 6.809 -0.249 -1.568
 5.383 0.276 2.542
 10.899 0.151 1.966
 7.361 -0.185 0.747
 9.297 0.147 -2.028
 5.328 0.248 -1.492
 5.006 -0.002 -0.841
 4.477 -0.164 -1.888
 4.472 0.128 -0.811
 5.533 0.193 -0.642
 6.009 0.209 -2.208
 4.792 0.164 -1.806
 11.148 -0.133 0.824
 4.637 -0.071 0.909
 6.410 0.166 -0.740
 4.122 -0.328 -1.990
 11.165 0.028 0.736
 7.783 0.115 0.786
 5.433 -0.048 -2.479
 13.064 0.060 -1.936
 4.204 -0.187 1.077
 4.685 -0.063 -0.109
 5.311 0.010 1.596
 5.875 -0.350 -0.387
 5.653 -0.033 0.215
 7.448 0.083 0.567
 11.854 -0.085 -1.262
 4.165 -0.283 1.218
 9.627 -0.299 0.788
 5.331 0.109 -0.043
 5.302 -0.062 -1.043
 9.398 0.256 0.877
 4.385 0.067 1.769
 8.972 0.128 -0.294
 6.780 -0.100 -0.957
 8.881 0.290 0.664
 4.336 0.128 1.198
 5.400 -0.340 -1.904
 4.240 -0.247 0.932
 11.493 -0.347 0.840
 5.910 0.263 2.237
 6.230 -0.240 2.354
 11.588 0.079 0.396
 6.137 0.309 3.065
 10.825 0.055 -1.778
 5.845 0.029 2.556
 4.821 -0.178 -1.336
 5.567 -0.153 -1.183
 4.236 -0.198 -1.638
 6.552 -0.060 -1.632
 10.017 -0.088 -1.373
 15.135 -0.101 -1.300
 9.008 0.261 0.479
 10.929 -0.179 -3.132
 6.820 -0.240 -0.488
 5.077 0.238 -0.297
 4.069 -0.120 0.145
 7.867 0.013 -1.440
 4.354 -0.073 1.094
 10.247 -0.115 2.978
 6.599 0.299 -3.135
 6.584 0.155 1.381
 5.280 -0.050 -0.889
 4.465 -0.339 0.198
 8.939 -0.084 2.982
 4.374 -0.076 0.307
 5.635 0.145 0.279
 4.262 -0.073 -1.194
 9.323 0.115 1.298
 11.985 0.125 1.236
 4.820 0.143 -2.066
 6.900 0.017 2.338
 10.375 -0.075 1.642
 5.708 0.228 -2.342
 5.242 0.223 0.534
 7.383 0.167 -0.649
 6.829 -0.259 2.678
 8.025 0.220 -0.684
 4.897 0.116 1.971
 7.454 0.336 1.915
 4.308 -0.057 -2.944
 5.887 -0.301 2.187
 6.205 -0.148 -1.005
 4.917 0.343 -0.823
 5.506 0.011 0.300
 14.466 0.007 -2.351
 4.954 -0.088 2.722
 10.804 -0.264 -1.998
 6.392 0.008 1.992
 8.759 0.124 0.233
 8.806 0.157 -3.015
 10.099 0.125 -1.407
 4.167 -0.303 0.761
 13.875 -0.159 -0.349
 5.717 0.064 1.433
 7.165 -0.221 1.167
 4.573 0.194 2.220
 6.279 0.010 -1.096
 9.434 -0.213 2.910
 22.233 -0.262 -2.570
 4.259 0.276 -0.005
 4.981 -0.337 2.208
 4.817 -0.090 -0.449
 6.140 0.183 -0.533
 5.813 -0.192 0.600
 5.615 0.142 0.762
 7.949 -0.297 1.496
 11.950 -0.161 2.327
 4.431 -0.040 -0.459
 5.679 -0.267 1.200
 4.040 -0.325 1.363
 13.096 0.061 0.721
 4.879 0.007 -2.384
 12.472 0.125 2.227
 20.194 -0.266 -1.024
 8.696 0.142 -1.957
 14.311 -0.055 -3.013
 4.341 -0.082 -2.131
 9.565 -0.090 -0.461
 7.286 -0.074 -2.746
 4.217 0.172 -0.693
 6.738 0.253 1.545
 6.503 0.031 -2.197
 4.492 -0.313 1.501
 10.247 -0.035 -0.407
 11.182 0.205 -0.837
 5.010 0.288 -0.769
 4.407 -0.343 2.219
 5.802 -0.315 2.230
 4.466 -0.335 2.176
 4.908 0.099 2.040
 6.467 -0.243 2.275
 4.889 -0.196 -1.733
 5.407 0.304 1.336
 5.482 -0.178 -2.981
 7.556 -0.336 1.172
 7.084 -0.086 0.081
 6.299 -0.127 0.841
 6.393 -0.194 -1.920
 5.674 -0.159 1.287
 4.419 -0.311 2.209
 4.618 0.331 3.117
 10.543 0.230 2.383
 6.490 -0.075 -1.607
 6.783 0.233 2.405
 13.091 -0.344 0.810
 8.077 0.219 0.602
 4.157 -0.134 -0.241
 9.799 -0.010 0.235
 5.255 0.132 -1.924
 4.305 -0.075 -0.555
 7.639 -0.257 2.479
 8.563 -0.110 0.620
 10.150 -0.163 1.629
 6.933 -0.267 1.593
 5.379 0.307 -1.732
 6.236 0.295 -2.154
 5.016 0.314 -0.767
 4.752 0.008 0.064
 8.466 0.084 1.885
 5.048 0.016 1.929
 5.402 -0.044 1.138
 4.286 -0.101 1.119
 5.261 0.307 -2.432
 4.514 -0.193 0.123
 5.318 -0.165 1.463
 8.594 -0.116 1.437
 7.226 0.068 1.101
 4.331 0.075 3.065
 4.695 -0.324 -1.982
 12.446 -0.347 0.313
 13.114 -0.122 -0.390
 5.095 -0.297 1.343
 4.878 -0.053 2.862
 9.443 0.248 -0.975
 6.416 -0.318 -1.352
 10.861 -0.195 -1.536
 4.574 -0.337 -0.613
 5.561 0.133 -2.527
 4.794 0.023 -2.536
 16.936 -0.182 -2.389
 6.952 0.223 -2.567
 7.009 0.279 0.693
 10.084 -0.106 -2.474
 5.920 -0.133 0.452
 6.262 -0.146 -0.744
 12.962 -0.303 1.553
 7.851 0.350 2.996
 10.284 0.206 -2.489
 4.492 0.315 0.921
 5.566 -0.046 -0.798
 4.809 0.130 2.032
 9.980 0.213 1.312
 7.137 -0.174 2.677
 4.113 0.012 -0.142
 4.016 0.302 2.994
 6.188 -0.349 -0.185
 6.417 0.115 -2.988
 7.398 0.332 2.711
 6.128 -0.219 -0.379
 6.816 -0.237 -0.429
 9.865 -0.129 1.277
 9.660 -0.167 -2.453
 7.225 0.159 -2.486
 15.744 0.126 2.011
 5.779 0.240 -1.819
 9.506 0.143 -0.541
 4.841 0.280 3.023
 13.660 -0.282 -1.361
 17.611 0.015 -2.150
 4.483 0.072 0.156
 5.208 -0.189 1.536
 8.630 -0.035 -1.723
 10.733 0.266 -0.648
 6.741 -0.261 1.208
 4.606 0.259 -2.706
 15.227 0.022 -1.162
 5.689 -0.310 0.683
 4.392 0.114 -0.597
 5.737 0.239 -2.901
 15.999 -0.244 2.822
 8.192 -0.062 -1.564
 4.293 -0.278 -0.989
 9.427 0.198 -2.464
 6.227 0.214 2.400
 4.787 0.245 2.941
 14.269 0.101 -1.162
 5.337 -0.051 1.359
 10.332 -0.219 -2.341
 5.648 0.154 1.393
 11.493 -0.089 -2.257
 11.901 0.284 -3.114
 9.723 -0.224 0.930
 4.714 -0.332 -1.674
 4.799 -0.241 2.222
 6.297 -0.064 0.926
 5.909 -0.193 0.314
 10.312 0.195 2.640
 4.837 0.164 -0.594
 4.900 -0.274 2.443
 7.444 0.139 2.760
 5.025 -0.148 -0.039
 13.411 -0.039 -2.659
 4.322 -0.322 0.890
