 4.60856 -0.144432 -1.48554
 6.1971 -0.0410792 0.223074
 13.0115 0.166235 0.830345
 4.78174 -0.290511 3.02523
 5.53952 0.276881 -1.49683
 4.89952 -0.173234 -1.76161
 4.53567 0.322147 -1.10405
 6.78948 -0.0890964 -2.5291
 5.00284 0.0741006 -2.18785
 4.45489 0.300134 0.99669
 4.11103 0.128231 -2.10998
 4.12661 0.129755 2.69661
 4.84642 0.0247525 -0.702817
 4.7835 0.266367 0.59147
 4.25587 0.161528 3.00062
 4.55374 0.0426204 2.238
 4.13586 -0.292798 1.82747
 6.44657 -0.238569 1.51075
 4.53347 -0.28143 2.47611
 6.25072 -0.297573 -1.70935
 4.88003 -0.170289 -1.24996
 4.79469 0.0974213 -2.87823
 5.58695 -0.0830936 1.72129
 5.39549 0.147592 0.117724
 4.56669 -0.181468 -1.71366
 8.99763 0.210024 1.79593
 5.06155 0.319551 2.62595
 4.28862 -0.152922 2.28273
 4.94566 -0.264895 0.100939
 8.1618 -0.329596 -2.43608
 4.18269 0.0294631 -0.788798
 5.14699 -0.0853866 -1.57378
 4.5612 -0.0730334 -2.96519
 4.36463 -0.0268794 2.52601
 4.79342 0.0361591 -2.31098
 4.38705 -0.100764 0.741744
 4.44689 -0.0170158 -1.04853
 5.03975 0.234914 -2.84706
 4.90887 0.101993 -2.94562
 5.03407 0.180503 1.67218
 5.01583 -0.0219775 -1.98987
 4.07514 0.135684 1.73411
 6.51099 0.141179 -2.68497
 4.31692 -0.244374 -1.20753
 4.47803 0.348483 -1.296
 4.11194 0.0796491 -2.15259
 4.37984 0.224824 1.5053
 4.35283 0.260584 1.09808
 4.11888 0.295237 -0.888475
 4.38516 -0.319043 0.299087
 4.17948 0.247629 2.75479
 5.05165 0.339764 -2.61297
 4.63631 0.247387 -2.84517
 4.73229 0.137258 1.79806
 4.80552 0.329834 -2.65567
 4.82168 -0.0174594 -2.29458
 4.24753 -0.191879 -2.89679
 4.16422 0.0256868 -1.41013
 4.36982 -0.134768 -1.09502
 5.83657 -0.181992 1.43866
 4.81565 -0.260916 -2.15058
 4.26638 0.192577 -1.99199
 5.61553 0.0901664 2.04357
 5.33405 -0.140402 -1.57562
 4.72412 -0.0333111 0.302428
 7.75096 -0.308691 -0.529745
 4.70047 -0.285713 -0.0920345
 4.13166 -0.100727 -1.50425
 4.10322 0.133509 -0.838129
 6.75709 -0.0285894 -2.61112
 4.64011 -0.282753 2.60196
 8.27709 0.216129 2.9569
 7.13069 -0.0525922 -2.7743
 4.00496 -0.046468 -2.20489
 5.13526 0.246729 -2.18767
 6.54312 0.288474 2.1415
 4.10751 -0.255774 -2.96243
 4.31815 -0.0725501 1.68198
 4.25021 -0.00568629 0.142044
 5.20564 -0.0979674 -2.94609
 4.57588 -0.0143693 0.881467
 5.16015 -0.171466 -0.22542
 4.14912 -0.344073 -1.94541
 6.99825 -0.149807 0.266101
 4.42028 -0.0736145 2.43487
 4.65322 0.172372 -2.01698
 4.25178 0.311098 3.01507
 4.24781 0.321758 -2.79688
 4.04059 -0.330658 -1.46442
 5.18627 -0.334449 1.41098
 14.2789 0.13334 -0.295354
 4.79101 0.0410629 -1.34411
 4.07678 0.323517 -3.00058
 5.24526 0.0576745 -1.55431
 5.71868 -0.200389 -1.4758
 4.72729 -0.182369 2.36489
 5.75419 -0.0930189 -0.116222
 4.3347 -0.317282 1.15381
 4.60466 0.330876 -2.63264
 5.27015 -0.225647 -2.98374
 4.42885 -0.049144 -0.676204
 4.66583 0.0249001 0.762876
 4.53865 -0.0295262 0.298094
 4.10769 -0.121749 2.90918
 4.85484 -0.338168 1.24051
 4.26797 0.247658 -2.54355
 4.00276 -0.332291 0.947053
 4.46838 -0.0135494 -2.1718
 4.03088 -0.0260539 -0.723229
 4.56198 -0.189574 3.01628
 5.06904 -0.14988 1.45996
 5.21074 0.342933 0.795354
 9.67131 -0.3437 -2.04482
 4.01818 -0.151781 1.72704
 4.84868 -0.143428 -1.03433
 4.02822 0.112145 -1.39284
 10.3224 -0.189646 -2.91168
 5.4459 -0.161342 -2.70676
 4.48311 -0.129225 -1.62029
 4.14333 -0.328841 2.7415
 4.40288 0.0791025 2.58146
 8.86307 0.0429416 -3.04235
 5.01695 0.0826638 0.901369
 5.70891 -0.0132347 -0.645716
 4.28362 0.212151 1.34602
 4.38873 0.333921 0.375018
 5.56095 0.0794988 -2.90516
 5.60631 0.0825559 -1.99033
 5.70019 0.327566 0.283755
 4.72245 0.318536 -0.463115
 6.27653 0.149926 -1.52741
 7.2297 -0.00803261 -0.0996514
 4.66818 -0.118514 -2.34121
 4.35221 0.0672303 1.07769
 4.09393 0.05796 2.85668
 6.49904 -0.212473 2.01952
 6.18112 0.00365235 2.8723
 4.26774 0.0947265 -3.08063
 6.46265 0.207546 1.60918
 4.37247 -0.288411 -1.53382
 6.08325 -0.00069376 -0.354319
 4.13474 0.183134 2.70909
 6.18136 0.272303 3.10927
 4.0675 0.0655308 1.60755
 4.66637 -0.141942 2.78064
 5.74055 -0.214756 -1.24537
 4.52295 -0.303283 -1.27864
 5.20688 -0.0477271 0.210343
 5.33067 -0.0386575 -0.198127
 4.48343 -0.211329 1.36596
 4.29335 0.0886435 1.17108
 4.22415 0.258427 0.827873
 4.6498 0.179507 0.489213
 4.85505 -0.276191 2.97599
 4.25846 -0.281206 2.25641
 4.38903 0.160926 -1.33604
 8.21364 -0.134417 1.09285
 4.23417 -0.264032 -0.957582
 4.75097 -0.305351 1.42506
 4.52115 -0.109597 -0.926127
 10.1249 0.140172 -0.00422276
 4.95122 -0.0888456 -3.02999
 4.12534 0.107652 0.162718
 7.01079 0.222244 -0.0304711
 6.75398 0.27345 -2.40278
 4.67846 0.121172 0.132368
 4.11171 -0.108431 1.59732
 5.43451 -0.0695512 -2.30328
 6.5843 -0.0683456 2.57415
 4.29704 -0.199273 1.10484
 4.01395 -0.000985855 -0.385724
 4.43449 0.319497 -2.75311
 4.59744 -0.159924 -2.99741
 5.3025 0.177808 2.71839
 4.21194 -0.27611 -2.42987
 4.2719 0.207251 -1.26875
 4.47823 0.347373 -0.493433
 5.98055 -0.335319 0.861957
 9.16345 0.295175 -2.97095
 7.19468 0.249414 0.605531
 4.74483 0.132844 2.82981
 7.47719 -0.214246 -0.469792
 4.83174 0.18926 -0.711266
 4.79838 -0.171973 -1.40737
 4.24829 0.160478 0.838278
 6.1605 -0.00324381 -0.461521
 4.11885 0.164582 0.174226
 6.95418 -0.340942 -2.57047
 7.8193 -0.0478378 -1.39489
 4.08352 0.303859 -1.92544
 4.99572 -0.122326 -0.751083
 5.36891 -0.275793 -2.99299
 4.90843 0.298077 -2.57347
 7.23414 -0.226075 1.91189
 4.20295 -0.0749682 1.71333
 4.40652 0.147251 -1.35097
 4.36224 -0.266011 -2.21628
 4.74802 0.180055 1.44066
 5.92025 -0.00317594 -0.128857
 4.74913 0.0327255 -2.8354
 5.99918 -0.0574291 2.92048
 7.15107 -0.272203 -0.287879
 4.0973 -0.346514 -0.324069
 4.7104 -0.049325 -2.66806
 4.1324 -0.0120361 -2.25032
 9.66151 -0.331954 2.21956
 4.18656 0.0570628 -1.16058
 4.29249 0.0798189 -0.696344
 6.24449 0.19771 2.42573
 4.29098 0.00734295 -1.4548
 7.92948 0.271663 0.372993
 5.93216 0.0032594 0.268454
 5.80488 0.189934 -0.568443
 4.86163 -0.0600493 -0.363418
 5.29345 0.210075 -2.17277
 4.39848 0.0424421 1.55536
 4.10648 0.250752 -2.54039
 4.00737 0.278059 -2.06284
 4.15392 -0.139123 1.27481
 4.19543 0.0986588 -1.73
 4.37594 -0.200927 0.10632
 5.86309 -0.219859 2.70277
 6.9031 0.315014 -0.452971
 4.3518 0.199439 -0.56265
 4.03121 -0.0376406 0.930211
 4.04401 -0.185797 -1.23464
 4.33674 0.120662 -2.07881
 4.34365 0.106789 -2.45158
 4.05863 0.221127 -1.29164
 7.13475 -0.000951956 2.72755
 4.73919 0.222054 1.09354
 5.01109 -0.149474 2.46311
 5.20251 0.167067 0.347226
 4.20597 0.104394 -1.33162
 5.77716 0.147066 0.122955
 6.55711 0.146384 1.80708
 4.01285 -0.0859571 -0.411441
 5.56317 -0.144706 -0.308385
 5.90501 0.138035 1.18795
 4.41417 0.0832486 -2.32125
 6.68837 -0.267021 -2.52161
 4.54413 0.224076 2.99518
 4.62075 -0.105867 -2.51797
 12.839 -0.191728 0.535821
 6.30242 0.30912 3.02095
 5.81128 0.0187079 3.0384
 5.12431 0.189247 -2.53396
 5.9123 -0.221123 -1.69359
 5.26915 -0.267465 1.25892
 4.29244 0.185913 0.207624
 4.48543 0.0959201 -2.13624
 5.82379 -0.0306418 0.70267
 6.8453 -0.305482 1.40549
 4.08828 -0.0535808 0.269831
 4.7156 -0.302605 -1.32701
 4.19397 -0.0562659 -2.40817
 5.22694 0.280998 -1.0511
 4.2458 -0.117485 2.36307
 4.71896 -0.164924 -2.80334
 4.59341 -0.00839247 -0.884603
 4.01556 0.171493 1.74061
 4.6604 -0.313486 -0.281755
 6.4369 -0.0573628 -1.39968
 7.37574 0.153111 2.63093
 4.27737 -0.0259087 -0.356722
 4.19048 0.206715 1.82371
 5.98749 0.161234 1.37539
 4.31593 0.167472 1.96521
 4.01079 -0.190066 2.62213
 4.00269 0.192951 3.13442
 4.18568 0.117847 -0.526737
 5.4161 -0.289384 -3.09937
 5.76848 0.0351028 -2.60806
 4.57522 -0.0700382 -0.617924
 4.33977 -0.349785 -0.317873
 4.01469 0.214652 -1.52079
 5.92333 0.323861 1.34793
 5.78493 0.0265867 -0.566487
 4.05591 -0.214665 -0.755537
 5.04299 0.0855495 1.56414
 4.74839 0.172485 -1.71159
 9.02932 -0.0438487 -1.42666
 4.25004 0.253354 2.13193
 4.5592 -0.127834 -0.390277
 4.99577 0.0372887 -0.819424
 6.1727 -0.209404 0.321404
 4.82724 -0.16377 -1.59899
 4.05669 -0.11212 2.53973
 4.01402 -0.100388 -1.1169
 4.1683 0.237261 1.74237
 7.68638 -0.227053 -2.99855
 5.5074 0.143172 -2.43027
 4.5432 -0.012024 2.93277
 5.11825 -0.15876 -1.00432
 5.02348 -0.0550901 2.90676
 5.87101 0.301779 -0.299536
 4.36856 -0.315666 2.93425
 4.38318 -0.266199 1.17298
 5.26494 0.151161 2.89111
 4.25316 -0.226888 2.43318
 4.3353 -0.000442803 0.329087
 4.20765 0.132077 0.733087
 5.37673 0.14771 0.0829528
 7.42261 -0.206247 0.506263
 4.71763 -0.108067 -0.209838
 4.38105 0.313949 -0.957193
 5.98475 0.0613395 -2.6839
 4.48145 0.138206 -0.666304
 4.65869 0.182335 2.04011
 8.12262 0.0074583 1.82922
 4.20631 0.328197 1.84698
 4.08299 0.190876 0.651238
 5.01119 -0.0635177 3.06011
 4.3542 0.29135 -2.15081
 6.21998 0.108389 -1.58432
 4.24893 -0.340321 -2.89296
 4.05283 0.279946 -0.372473
 6.10605 -0.0526573 -2.94669
 6.65761 -0.301577 1.21708
 7.90247 0.034249 -2.2604
 5.74175 0.149018 -1.3618
 4.47756 0.0624721 -2.55291
 5.12585 0.269796 2.1368
 6.76195 -0.215761 0.768401
 6.2676 0.14779 0.487128
 7.08724 -0.0016893 -1.43801
 4.71155 -0.236471 -0.524083
 4.90855 -0.189641 -0.539949
 5.70197 -0.0885044 -1.15541
 5.91486 -0.159703 0.501468
 4.06078 0.0433241 1.47275
 4.16674 0.136342 -1.86979
 4.5921 0.0562829 -1.39259
 7.70348 0.341692 -2.56953
 4.37901 -0.281391 0.439838
 4.29509 0.204134 1.415
 4.08243 0.149296 -1.92941
 4.17647 -0.206007 -2.89276
 4.4643 -0.0872394 2.52919
 4.79469 -0.107392 -1.82787
 4.51433 -0.280055 -0.325225
 5.51686 -0.169193 -2.15165
 6.44861 -0.33148 1.25746
 6.59766 0.0669206 -2.91071
 4.95036 0.32164 -0.813615
 5.37266 0.335198 2.42876
 5.774 0.00753264 0.330082
 4.06049 0.114388 2.32381
 5.74894 0.0641325 -2.43246
 6.00529 0.173488 1.38275
 4.03837 -0.313056 -2.09599
 4.44183 0.100698 -1.30837
 5.54941 0.121914 -2.06983
 4.08598 0.295209 2.358
 4.00709 -0.242613 -1.37022
 7.5756 0.0426275 0.42454
 5.21542 -0.115231 -1.68123
 4.37457 0.0328858 2.13663
 5.51661 0.237316 -2.29063
 4.06485 0.142597 -3.11543
 5.59969 0.0891744 0.616683
 4.50949 -0.125609 -2.92951
 4.12134 -0.259758 1.85537
 4.88115 -0.21459 2.92507
 4.31688 -0.231545 2.53687
 5.2294 -0.0667763 1.23184
 5.48555 0.0722306 -0.581533
 5.61336 0.0372092 -1.66493
 4.57953 0.263597 -2.10526
 5.1569 -0.226228 0.776439
 4.76111 0.161747 -0.875369
 4.15776 0.260812 -2.61169
 5.20541 -0.220554 -2.80299
 4.03164 -0.0664477 1.16023
 4.47164 -5.65498e-05 -2.81339
 5.12812 0.138325 3.00393
 4.65645 0.246879 -2.02185
 5.33322 -0.234148 1.14396
 4.83937 0.190695 -2.03515
 5.16898 0.222991 -2.51511
 4.00764 -0.199517 -0.980394
 4.17928 0.000631894 -1.43375
 4.51819 0.0108826 0.733576
 4.38722 0.0714945 1.51134
 4.3139 -0.127491 -2.10246
 4.81412 0.292881 0.828192
 5.97222 0.204119 3.11276
 4.35805 0.250898 -1.69572
 5.43189 -0.205622 0.244017
 4.31234 -0.130345 -2.34209
 4.11307 -0.0971243 -1.36035
 4.35122 -0.343164 1.0437
 4.51654 -0.0900758 -0.0909514
 6.55507 -0.0365838 3.05905
 4.75472 0.16108 -0.754582
 4.06979 0.208179 0.672314
 4.26637 -0.0528258 -1.4136
 4.63686 0.0154099 1.69041
 4.60397 0.333037 -1.43566
 5.08364 -0.342312 1.51554
 4.78384 0.302192 1.02819
 4.52271 -0.302672 0.520439
 4.68536 0.108898 0.239474
 4.48613 -0.29314 1.69022
 4.62688 -0.0671725 -2.53749
 5.82616 -0.182745 -0.468805
 4.32264 -0.25979 -1.40876
 4.98027 -0.309999 0.0929107
 4.25133 -0.120285 -0.22538
 5.69156 0.346641 -1.56236
 5.62033 0.131289 1.02593
 4.49398 0.124208 -2.56044
 4.70224 0.27744 -2.80834
 4.75823 -0.0932502 -1.65565
 5.37399 -0.210809 1.94126
 5.65411 -0.0933816 -0.467943
 4.94219 -0.140651 1.40725
 4.74393 0.300565 -0.0908923
 4.19323 -0.316109 -2.77145
 4.59685 -0.135224 0.756313
 4.07835 -0.0926546 -0.758726
 4.76687 0.266184 -2.77718
 4.18383 0.336145 2.18775
 4.41628 0.306562 1.3277
 6.60893 -0.194863 0.93527
 4.56336 0.303025 -0.438677
 5.599 -0.303353 -2.10123
 5.28354 -0.116369 -0.705178
 5.38731 -0.248298 2.1219
 4.07101 -0.25295 -1.16856
 4.18302 0.0738607 2.86609
 4.35744 -0.0878001 -1.62216
 4.15881 -0.219261 1.31393
 4.44947 -0.0777628 0.480505
 4.15348 -0.209811 0.226569
 4.51637 0.133971 -1.51733
 4.17734 0.335876 2.03902
 5.24779 0.0284761 0.883593
 6.53734 0.194319 0.632318
 5.72079 -0.309745 -0.880773
 5.65624 -0.19462 -1.45978
 4.22484 0.0835937 -2.3851
 4.63589 0.287457 0.559124
 4.43413 -0.199163 1.37358
 5.43761 0.178486 2.18028
 4.80008 0.13901 0.568308
 4.05022 -0.0311711 2.0975
 4.7461 -0.22676 -0.485011
 4.12488 -0.0134849 -2.75518
 4.50278 -0.307379 -0.439393
 4.07765 0.0434544 1.88481
 7.30017 0.306729 -2.27937
 4.33038 0.19166 -1.223
 4.4739 0.170664 0.531489
 5.51244 -0.0205897 1.06958
 4.3857 0.346788 -0.584716
 4.96586 -0.295954 -0.172339
 4.07557 0.0616841 1.79018
 4.27623 0.32191 1.24973
 4.46572 -0.108632 -0.963152
 4.37769 0.0791002 -1.88017
 5.15606 -0.00449321 1.29497
 4.33793 0.180344 0.786503
 5.89301 -0.167492 -0.491094
 4.1612 0.106828 -2.52198
 5.57294 -0.2664 2.94505
 4.34579 -0.191962 2.78032
 4.27221 -0.0979468 -0.833193
 5.06192 -0.30927 -0.971723
 4.49704 0.128892 -0.617927
 4.07829 -0.32369 -2.69296
 6.46767 -0.169627 1.74397
 4.01323 -0.0533435 1.42185
 6.67251 0.278446 -0.583151
 4.13195 0.068847 -0.62767
 6.10479 -0.325722 -0.719411
 4.61537 -0.136559 -1.50532
 4.02192 -0.166898 -1.55571
 4.70241 0.00892972 1.48146
 4.0502 0.330931 0.902759
 4.56455 -0.0811899 2.52351
 4.77792 0.282873 0.816151
 4.07603 -0.0160759 -2.42806
 4.12696 0.0489017 2.84851
 4.3421 -0.0779676 0.699366
 9.93215 0.0909991 0.495371
 7.14455 -0.179203 -2.09776
 4.08743 -0.270753 -1.22026
 5.36344 0.12859 1.88883
 4.49 -0.133907 -1.38751
 6.24338 0.327805 -0.117574
 5.20765 0.249184 -3.00127
 4.19167 -0.0801261 2.90541
 4.31003 0.222734 2.24631
 4.17942 0.187809 1.82736
 5.70107 0.0933369 2.73185
 8.48709 -0.239032 -1.64581
 4.34346 0.0697584 -1.37313
 4.57554 -0.191971 0.622242
 5.33788 -0.304153 -2.0262
 4.33563 -0.110632 -2.76061
 4.26936 0.0453524 1.3548
 4.87345 -0.152545 -2.03509
 4.30028 0.0591807 -2.08411
 4.93145 0.180482 2.9097
 5.36573 -0.109109 -1.81012
 7.17485 0.0143147 -2.59501
 4.3784 0.0925548 -0.757859
 4.02557 -0.0899803 -1.968
 4.44038 -0.190623 2.58197
 4.50119 -0.271227 0.757358
 4.70846 -0.261707 2.10222
 6.27391 0.110332 0.0190066
 6.43482 -0.229084 -2.71818
 6.91607 0.233798 1.06113
 4.75129 -0.0489935 -3.01511
 8.55198 -0.222221 -2.30323
 4.49699 0.107142 -3.13724
 4.0652 0.200763 2.161
 6.48244 0.013133 1.41339
 4.26341 0.180069 2.6303
 4.66893 -0.0277871 0.424289
 5.60842 -0.268798 -1.0928
 4.60306 0.0936651 3.04137
 4.20502 -0.0341398 -2.06889
 5.16391 -0.10291 2.22606
 4.06707 0.176386 0.872672
 4.83418 -0.0570496 0.497878
 7.53597 -0.173761 -0.808989
 4.00626 -0.189739 -2.39442
 4.15352 -0.0799323 0.551875
 4.54063 -0.299213 2.56727
 6.2075 -0.0817098 0.73048
 4.86508 -0.315701 -0.531228
 5.0782 0.232614 1.84774
 4.49817 0.246241 -1.61475
 4.69325 -0.245006 -2.97084
 4.18498 -0.256115 2.22961
 6.54613 0.307809 -1.83761
 4.23233 0.235232 -2.81105
 5.01556 0.195705 -0.616401
 6.10285 -0.282541 -1.67059
 4.20726 -0.257901 2.24391
 4.7993 0.106319 -1.03186
 4.54524 0.0628262 1.80112
 4.63653 -0.282533 2.37246
 4.15032 0.309998 -2.1373
 4.07737 0.044599 2.05826
 5.49039 -0.169792 -1.80594
 4.20151 0.0274382 -1.2736
 6.97212 -0.216283 -2.10937
 4.41657 -0.200054 0.996227
 4.07712 0.0676413 2.82366
 6.92745 -0.269083 -0.815446
 4.11608 -0.1333 1.51632
 5.9267 0.209662 -0.0837757
 7.49979 -0.204612 0.885578
 6.69612 -0.109451 2.7691
 4.35537 0.184583 -1.24662
 4.44842 -0.235426 -1.21443
 4.79456 0.197848 -1.62493
 4.24311 0.161338 2.09485
 5.27406 -0.0122701 -0.24438
 4.39689 -0.0765196 -2.12542
 5.04018 0.345439 0.0341456
 4.53377 -0.00138524 0.550957
 4.76519 -0.0998433 0.671171
 9.71466 0.177109 2.33785
 5.33171 -0.165669 2.93069
 4.17546 0.0460574 -2.49051
 4.40111 0.327358 -1.62867
 7.31003 -0.0662162 0.894579
 4.3372 0.0859727 1.25865
 5.152 -0.329621 -2.0482
 6.21276 -0.0967804 -2.25758
 4.0968 0.154703 0.418294
 8.36912 0.100407 -0.0241619
 7.57041 -0.154839 -2.76164
 10.3383 0.214015 2.36167
 8.85881 0.218895 2.36702
 4.52367 0.110902 2.61877
 5.38075 -0.29025 -2.73344
 6.53587 0.148884 1.27024
 8.05344 -0.134615 1.66641
 4.25905 -0.00187595 1.68156
 4.73009 0.152419 -0.806149
 5.67872 0.145269 -1.23838
 5.16066 -0.334724 -0.38685
 4.93145 0.2387 0.58967
 4.39884 0.278278 2.11799
 5.04631 -0.103284 2.44388
 4.2051 0.0125767 -2.4767
 7.22391 -0.293821 1.73414
 4.10882 0.00504521 3.06015
 4.47786 -0.0826383 0.978401
 11.3337 -0.325719 2.56352
 4.74066 0.182814 2.87024
 5.38974 0.188959 -2.74149
 4.54227 -0.0419424 -1.58474
 15.2658 0.282176 1.43273
 4.51939 0.287365 1.39076
 5.72242 0.227681 1.43
 4.25839 -0.254849 -2.37753
 4.03702 0.298792 2.66632
 6.43296 0.196185 1.74615
 4.06427 -0.140557 1.37562
 4.86942 -0.262952 0.460246
 4.14876 0.199435 -1.47269
 4.78864 0.146882 1.90052
 4.22457 -0.147991 2.43186
 5.77799 0.195226 -2.22059
 4.89432 -0.276205 0.960253
 9.20302 0.0212087 2.04995
 4.28947 0.282182 -0.125114
 4.00575 -0.338514 -0.07091
 4.66433 -0.244096 -1.92904
 6.8686 0.0861279 -2.6684
 4.46288 0.0532423 0.468514
 4.54984 0.279601 1.95634
 4.62737 0.0323414 -1.49788
 5.03439 -0.266322 0.849077
 4.88681 -0.167885 -0.802569
 4.25861 0.117192 2.92155
 4.25686 0.0596967 2.87551
 6.68657 -0.216751 -2.78151
 4.52416 -0.124198 -2.99028
 4.18801 -0.0212824 1.59863
 4.3487 -0.219989 -1.06982
 4.28105 0.0178424 1.70964
 4.64454 0.158051 -1.01381
 5.3971 0.295828 -0.922236
 4.23417 0.261631 -2.78453
 4.70745 -0.0833711 -3.08839
 4.22005 -0.319969 -2.02669
 4.83819 -0.347151 -2.54839
 5.58556 -0.19759 -1.31073
 4.61689 -0.0653327 2.19411
 4.35284 -0.0262305 -2.60228
 6.97465 -0.230776 1.37383
 5.97384 0.0561844 2.85839
 4.00143 -0.171249 1.30863
 5.18702 0.213189 1.73966
 4.16309 0.313529 1.46458
 5.61134 -0.26469 1.82498
 4.32311 -0.0957011 -1.50127
 5.28411 -0.202956 -2.17899
 4.35069 -0.11431 0.309264
 5.10195 0.0285269 0.37735
 4.1612 -0.0395539 1.1463
 4.69031 -0.0484616 -0.0454531
 4.28777 0.10177 -2.08538
 4.18903 -0.241234 1.06608
 7.44629 -0.0799911 -0.165809
 7.64213 -0.130672 2.23119
 5.66692 0.177284 -2.68061
 4.78573 -0.148668 1.93424
 4.51348 0.190427 -2.04344
 4.07148 -0.289734 -1.2208
 4.34484 0.300636 0.790265
 4.34506 0.0891793 -2.69603
 4.6503 0.0508342 1.63272
 4.20089 -0.168534 -2.23924
 9.97953 0.0450809 -2.56849
 5.0568 -0.197177 -2.63181
 6.60006 -0.326138 -2.59596
 7.38346 -0.00433964 1.90422
 5.1024 -0.218558 2.90598
 4.97896 -0.277286 -0.635336
 4.00303 0.236992 -1.54135
 4.12471 0.0894429 2.78967
 7.29999 -0.0135824 1.05065
 4.39359 -0.206468 1.82637
 4.50762 0.172987 1.95509
 4.02975 0.167849 -1.29072
 5.53781 -0.0865399 2.15772
 4.67546 -0.0128085 0.684673
 5.98617 0.305479 -3.09964
 6.15323 0.202523 1.90003
 5.05613 0.0219675 0.916295
 5.40632 0.0858703 -2.64804
 4.03088 0.206366 0.634489
 4.29054 0.0539362 -2.71379
 4.28423 0.334829 0.647249
 4.76859 -0.141898 0.34352
 4.66237 -0.14004 1.16721
 4.55329 -0.0823363 -1.76727
 4.61608 0.257401 -0.862952
 5.01533 0.349732 1.34355
 4.21672 0.204448 2.34934
 5.29664 -0.285197 1.88667
 4.24931 -0.281497 0.0334305
 5.0361 0.257715 -2.42768
 5.10023 -0.216575 -1.71006
 5.19665 -0.0555846 -2.98154
 4.0779 0.160919 -0.182844
 4.523 -0.141892 -0.70576
 4.3721 -0.229095 -0.133058
 5.97889 0.123807 -1.75148
 5.42716 0.238232 2.46882
 6.06599 -0.205851 2.26118
 4.10757 0.198616 -1.39864
 4.62844 0.0362745 1.32355
 4.70455 0.156263 -0.577803
 4.62787 0.273717 -2.61588
 8.57527 -0.0608762 -0.897088
 5.68558 -0.231152 1.83631
 4.40358 -0.322658 2.02265
 4.77294 -0.172789 -1.13294
 4.78727 -0.0484121 2.76475
 7.00916 -0.0462069 2.22718
 8.06009 -0.164744 1.29812
 5.48874 -0.126846 0.61199
 6.59053 -0.310998 2.58441
 4.18878 0.303495 -1.31963
 5.66018 0.118969 0.497811
 5.1902 -0.240624 -2.1517
 4.38538 -0.300046 -0.789553
 5.52204 -0.157808 0.138761
 4.32426 -0.271878 2.57944
 4.9023 0.25584 -2.72534
 4.78291 -0.150139 0.343528
 4.77668 -0.204554 -0.0800888
 5.17992 0.287321 2.12269
 4.56912 0.327259 -2.29934
 4.31724 0.124588 -2.10338
 4.9466 0.0759257 1.14333
 4.34412 -0.22436 -0.104141
 5.43019 -0.21593 -3.05625
 5.1396 0.184531 -2.70395
 4.94406 -0.127185 2.4933
 4.09396 0.182088 -0.607184
 4.29652 0.159965 1.4772
 6.26815 -0.00439399 -1.36338
 5.00865 0.212746 -2.12036
 5.2073 -0.220996 1.32474
 5.59969 0.0296304 -0.703533
 4.28341 0.0468945 -0.935062
 4.43534 0.0515339 0.783022
 5.22486 -0.189569 -2.91559
 5.15156 -0.114796 -2.91648
 6.31343 0.201013 2.31262
 4.16877 0.131333 -1.46436
 4.9902 -0.0349475 -2.07967
 5.28302 0.190231 -0.0553738
 5.30291 0.142304 -2.50646
 4.40998 0.347676 1.52915
 4.3567 -0.349864 -2.88545
 4.68068 -0.0656417 -2.36692
 15.1317 -0.0425232 -0.256707
 4.67038 0.0522154 0.183644
 7.19213 0.0218014 -1.25822
 4.7831 -0.32292 3.05512
 4.2454 0.0661209 2.90427
 4.50178 -0.00781182 0.892465
 5.86471 0.1625 -0.648313
 4.3146 0.238856 1.52843
 5.61225 -0.0290695 -1.87333
 7.68712 -0.303555 -1.29391
 4.05342 0.322922 0.326144
 4.62755 -0.130925 -0.337665
 4.21497 0.0176308 -1.18444
 4.19325 -0.0766975 -2.43953
 4.59242 0.126851 -0.313972
 4.01306 -0.0740627 0.556618
 6.13171 0.327665 2.16802
 4.09861 -0.254215 1.01073
 6.78844 0.08312 1.78233
 4.37018 0.00179823 -1.59642
 4.09824 0.12229 2.27254
 5.26276 0.0541164 -0.180161
 5.65055 0.275838 1.47241
 4.08466 -0.0398336 2.66906
 4.55239 0.323279 -2.72932
 4.25556 -0.126281 3.01604
 4.47821 0.274688 0.952464
 5.05392 -0.219872 -2.35616
 4.24072 0.258955 0.572327
 4.66758 0.179245 2.31108
 4.72469 -0.0017198 -2.76072
 5.93913 -0.0857777 -0.950362
 4.85842 0.123469 1.7033
 4.50435 -0.330333 1.24265
 4.24606 0.138336 -2.13673
 4.8531 0.257677 -1.31902
 4.19602 0.290015 0.652396
 5.75816 -0.152936 -1.43694
 4.1209 0.312178 1.63336
 6.25003 0.0388737 -2.38056
 4.24997 0.301474 2.58906
 5.47523 -0.340877 -0.580002
 4.26006 0.0858763 -2.43181
 4.61763 -0.348387 2.53365
 6.31777 -0.119575 0.674974
 5.83375 -0.231 2.50031
 6.2107 0.311155 0.313638
 4.29085 -0.284256 0.151006
 6.20785 0.177473 -0.574227
 4.99945 0.254326 1.83091
 9.22166 -0.161969 0.714792
 4.83026 -0.216637 3.04862
 4.23878 0.0553178 -0.0989909
 4.67914 -0.0256127 -2.9046
 5.3676 0.274888 -0.726316
 4.10301 0.0323618 -1.80773
 4.69466 0.198355 -2.31151
 4.91536 -0.306473 -0.140705
 4.7618 -0.118939 -2.04608
 4.86457 -0.202743 -0.463115
 4.71543 0.198873 -2.58307
 5.70367 0.200007 -3.02941
 6.27145 0.248969 -2.38138
 4.03696 -0.143784 -1.48897
 6.57018 -0.243282 -1.03733
 5.16692 0.0864674 0.612431
 5.86685 -0.26155 0.402077
 5.23473 0.280269 2.89506
 4.93614 -0.101611 1.24402
 4.62759 0.0194883 1.07912
 4.23856 0.309822 -2.27585
 8.08716 0.0891625 0.394887
 4.64658 -0.00215549 -0.9216
 4.84704 -0.331854 1.08861
 4.7243 0.136562 -2.30305
 4.63512 0.330795 -2.34774
 5.38223 -0.0941949 2.53338
 7.78938 -0.31672 0.218819
 4.45474 -0.0693318 -2.4748
 5.12051 0.314619 -1.90782
 4.18411 0.0403829 -0.563471
 4.0107 0.0451991 -1.83024
 5.84688 0.1271 1.22525
 5.63739 0.171838 -0.140241
 4.84327 0.213626 -0.483915
 4.2521 0.113385 -0.898372
 5.58041 -0.173179 0.199959
 4.41039 0.153181 2.75425
 4.64604 0.202061 0.402758
 4.12432 -0.181603 -2.71558
 6.06417 0.262248 -2.41305
 7.10067 0.115956 -2.99909
 5.11945 -0.323499 -1.92107
 4.14296 0.273257 -0.583567
 4.03889 -0.0154914 1.24032
 4.38225 0.0371749 -1.18932
 4.095 0.0530787 -2.70583
 9.08727 0.28183 -0.727412
 4.59779 0.191031 0.775445
 5.40427 -0.227266 -2.08643
 6.61184 0.0534726 1.06876
 4.08645 -0.0869235 2.27411
 5.60981 -0.0725677 0.87803
 6.16661 0.117516 2.26892
 4.54131 0.307133 0.122403
 4.49427 -0.215867 0.834925
 4.87761 -0.0415068 1.82748
 4.1519 0.0416433 -0.206638
 8.91211 -0.217066 1.3199
 4.28301 -0.325438 -2.84115
 4.67025 0.347171 -2.46061
 4.28233 0.0367418 -0.334213
 5.20454 0.271183 -0.41702
 4.4733 0.321655 -0.51994
 5.20473 0.17474 2.89927
 4.38748 0.0138054 -1.17118
 5.04948 0.15366 0.743938
 4.59272 -0.107139 0.942079
 4.91431 -0.0530331 2.20506
 4.94337 -0.242818 -0.263371
 5.40783 -0.107114 -0.625405
 4.26751 0.0305056 1.71103
 4.82819 0.181575 -1.55885
 5.19397 0.0991564 0.519067
 6.02059 -0.234093 0.751444
 4.48923 -0.13212 0.204212
 5.00472 0.0390096 -1.89302
 4.87352 -0.0590664 -2.93082
 5.79598 0.0226359 2.24934
 4.3908 0.161831 2.60281
 4.82382 0.0973137 2.2721
 4.00006 -0.108539 -3.05508
 4.32085 -0.233546 -0.916721
 4.81367 0.0158642 2.58151
 6.07671 -0.045808 0.175349
 5.28577 0.265075 1.49777
 4.34849 -0.135182 2.06708
 4.5679 0.0335235 -3.07562
 4.02056 -0.278978 1.68016
 4.64543 -0.000514207 -1.6592
 5.2185 -0.0335807 -0.00319959
 8.75591 0.320845 -0.0701756
 4.017 -0.205151 -1.0538
 7.42939 -0.0677604 -2.98453
 4.9483 0.16815 0.372433
 5.5909 -0.0611704 -2.94824
 4.67728 -0.0204058 0.348404
 6.61914 -0.293769 2.47874
 5.49747 -0.277818 1.37263
 4.17421 -0.177052 1.44716
 6.9214 0.302075 -0.344949
 8.06848 -0.308603 1.05825
 6.62406 -0.163097 -0.262203
 4.58952 0.0784379 -0.875518
 6.20398 0.243191 0.342177
 4.78636 0.272933 1.0846
 4.52615 0.319448 -0.548513
 5.20304 -0.216833 1.54829
 5.7147 -0.167741 -3.00085
 4.25872 -0.328732 1.03157
 5.20615 -0.0307124 0.843589
 4.79606 -0.110862 1.00975
 4.70261 0.165344 -0.307994
 5.13339 -0.266474 2.11009
 8.24463 0.318401 2.67233
 5.57919 -0.313019 -2.32757
 8.51405 0.0751529 2.30283
 5.11492 0.320151 -1.44955
 4.01522 0.0555487 0.150656
 4.34074 -0.199427 -2.26432
 5.69943 0.132624 -2.30065
 5.81213 0.302281 1.59581
 4.51744 0.0771143 1.56634
 4.0936 0.0941223 -2.79187
 4.12585 0.330994 -1.00157
 4.13932 -0.110318 -2.38672
 4.00352 0.27607 -1.40083
 5.07016 0.0475418 0.734032
 7.24989 0.0125058 -1.5403
 6.22396 -0.30459 -0.0687192
 6.26144 0.116074 -0.29335
 10.5084 0.208991 3.03177
 4.1207 0.00616252 1.21197
 6.29061 0.332546 -0.967792
 9.54163 -0.282436 -1.15247
 4.09156 -0.202104 -1.54679
 8.37259 0.209598 1.73244
 4.14058 -0.195406 1.98579
 5.28734 -0.16545 1.27608
 5.0547 -0.239282 0.779902
 5.1095 0.337151 -0.879544
 4.52424 -0.333964 0.916954
 4.92619 0.12105 2.76028
 4.46566 -0.309759 -0.221892
 5.32436 0.162788 2.85357
 4.23349 0.189708 -1.04067
 4.63053 0.123318 1.47113
 5.66986 0.278107 0.0644544
 5.21508 -0.345756 -2.88375
 5.38766 0.210543 -0.648198
 5.45633 0.020063 -0.0341738
 4.67163 -0.146768 1.27373
 5.75602 -0.0269163 -2.08562
 4.10259 0.0958647 0.471666
 5.62875 0.349346 -2.42197
 5.00729 -0.232368 -2.57827
 4.83172 -0.16818 1.1285
 7.02248 0.0426013 0.00905255
 4.59846 0.000207217 -2.1989
 4.02923 0.0340698 2.41623
 4.90548 -0.283408 -2.35878
 5.17666 0.150966 1.36431
 5.15647 -0.0582267 -0.671649
 5.53513 0.00590876 2.39804
 4.38665 0.124773 -1.76911
 4.40223 -0.199722 -2.20565
 4.24361 -0.145255 0.195252
 4.09764 -0.341733 -2.1953
 6.61028 -0.117881 -0.739214
 5.15705 -0.302032 -2.23723
 4.89143 -0.177045 -1.93864
 4.00218 -0.0210909 -2.33483
 5.5448 0.0552262 0.254552
 4.22452 -0.193726 -0.18082
 4.32905 -0.0215271 -1.23813
 4.58248 -0.174153 1.43555
 4.26073 -0.0908124 -1.05763
 5.71735 0.287806 2.44699
 4.92106 -0.158775 -2.86159
 4.04613 -0.168151 -0.331614
 4.34375 0.245842 0.551929
 4.74533 0.219857 1.00361
 4.99877 0.192161 2.11788
 8.83497 0.108933 -2.06252
 4.46182 0.173337 1.13289
 5.01341 0.026044 -2.18954
 4.91449 -0.0106482 0.510196
 4.11806 -0.0198328 0.416699
 4.97508 0.326408 2.02781
 6.2417 -0.158982 -0.473884
 4.03108 0.26497 2.84079
 4.38568 -0.112064 -2.5001
 5.49451 0.051357 -1.92541
 4.0529 -0.307501 -1.67625
 4.40961 0.0304958 3.00777
 5.23496 -0.125466 -1.18024
 4.53433 0.0839369 -0.620901
 6.47767 -0.128688 0.828895
 5.16957 0.15252 2.84524
 4.63433 0.0136958 2.59722
 8.62643 0.0505692 0.489989
 4.06612 -0.10536 2.58484
 4.71727 0.289707 -0.399545
 4.25702 -0.0423068 2.16058
 4.00996 0.206653 -2.68484
 4.29558 -0.115081 -1.24784
 4.38069 0.172739 -0.33005
 4.31829 -0.26774 2.69508
 4.86776 0.236501 2.7643
 4.43965 0.0521477 -1.69483
 7.52974 -0.181391 -2.76665
 4.16361 -0.260169 0.869956
 4.91585 -0.251069 -1.47019
 4.75405 0.0428578 -1.60334
 4.68737 0.207278 -1.88561
 5.09376 0.252818 2.18673
 7.72962 0.0277425 1.95234
 5.47763 0.0475772 1.81461
 4.33887 -0.117066 -1.0416
 6.67492 0.0898553 -3.03783
 4.78821 -0.11142 -2.41008
 5.16288 0.0282862 1.61973
 4.53906 0.010132 0.746704
 4.12664 0.0919284 2.63202
 4.42166 -0.0830165 -0.472272
 4.15762 0.196831 -2.73546
 7.06727 -0.0629528 2.60111
 4.23263 -0.194111 -2.89334
 4.12807 -0.206214 -2.68185
 5.79399 0.0879009 0.617411
 4.03928 0.225508 -2.88704
 4.35419 -0.263412 -0.238724
 4.22579 0.0835191 2.93994
 5.30768 0.349058 1.25932
 6.15452 0.197442 0.0135856
 4.5235 0.249139 1.05593
 4.77928 0.26924 1.0342
 8.44703 0.192699 1.81491
 6.43916 -0.305168 0.887864
 4.01049 -0.271233 0.180457
 4.76119 0.100988 1.15291
 4.59082 0.0176251 -1.08308
 4.61153 0.252405 0.128107
 5.18666 0.0540363 -1.44842
 4.34568 -0.0572852 2.13622
 4.16859 -0.0464189 -1.18879
 4.02768 -0.239642 2.39682
 4.55976 0.156318 -3.08185
 6.46569 0.0339955 -1.92154
 6.96162 0.133832 0.874062
 4.01596 0.0977723 0.916275
 4.81924 0.329815 -1.49193
 4.10615 0.270383 1.48746
 4.99536 0.244461 -1.02175
 4.74711 -0.284954 2.86402
 4.70542 0.103516 -0.716257
 8.29216 0.0353538 1.31357
 6.25006 0.327957 -0.266641
 4.46218 -0.0982269 -1.96081
 5.93491 0.000778585 -0.856616
 4.35764 0.223104 1.1062
 6.26213 0.00701236 2.00012
 4.21026 -0.195069 -1.37966
 4.24412 0.0912139 -1.78244
 5.53507 -0.29439 -1.50124
 5.86094 -0.0665616 -2.14409
 5.05827 0.0392625 0.394792
 4.06547 0.157811 -1.52768
 7.61178 0.0629316 -2.1786
 4.50891 -0.130253 -1.58198
 6.12768 -0.13001 -0.08694
 4.26046 0.031926 -1.46084
 4.08814 -0.0426981 -2.40771
 4.12029 -0.268834 -0.0980107
 4.3124 -0.118265 1.71549
 5.20393 -0.00776344 -0.125744
 4.08296 0.212716 -2.97469
 4.17619 -0.183631 2.46661
 4.26511 -0.163476 0.849097
 5.06365 0.275887 1.1607
 4.19341 -0.291318 3.09272
 5.04361 0.0622965 1.53273
 4.6768 0.297158 2.58417
 4.26917 -0.00926149 -2.91111
 6.07362 -0.338936 -0.655426
 4.62782 0.324199 -0.218131
 4.2231 -0.0342539 1.65753
 5.15318 -0.0488391 1.18716
 4.19283 0.333419 1.6638
 4.67672 0.330084 -1.40422
 4.73891 -0.147735 1.46258
 4.22314 0.236256 2.49769
 6.61686 0.132205 1.31099
 5.26156 -0.158079 -0.0441927
 5.23785 -0.300915 -1.64392
 5.63964 0.310865 -2.79297
 4.33972 -0.228728 1.21192
 7.27155 0.0155393 1.36662
 9.31063 0.00970767 -1.04668
 4.65488 -0.209881 -0.313812
 4.8351 0.19238 0.461779
 5.50143 -0.271521 -1.62177
 4.14187 -0.00541209 -1.91396
 4.76477 -0.201733 -0.812611
 4.24961 -0.192137 1.4296
 4.12249 -0.241649 0.324332
 4.71162 -0.344641 0.633976
 4.06728 -0.0137328 0.266643
 4.0353 0.101366 1.76507
 4.07466 0.172246 -2.82266
 4.80357 0.142941 -1.57636
 4.24688 -0.23722 -3.06413
 6.10317 -0.0598681 2.06101
 4.66801 -0.213806 2.96245
 4.31229 0.262936 1.22446
 4.5088 -0.100497 -0.010799
 6.87324 0.14842 -0.282479
 5.65012 -0.0199206 -1.83098
 5.98212 0.166011 0.448303
 4.663 -0.24617 3.1319
 5.48153 0.213677 0.153422
 4.90696 -0.000374926 2.24494
 4.18994 -0.0999597 0.779749
 4.34083 0.334789 -1.03627
 5.27446 0.154847 0.680862
 9.59476 -0.309062 1.48492
 4.46953 -0.263286 2.41132
 9.8978 -0.077127 -1.01492
 5.11632 0.334604 2.09707
 5.13151 0.20639 0.773232
 8.2284 0.224266 -2.05521
 4.17527 0.257667 0.00678629
 5.23228 0.308148 -1.94556
 4.88119 -0.201004 3.05964
 5.67251 0.128766 -2.47116
 4.92695 -0.00517335 -0.468102
 6.80138 -0.166812 -0.795543
 4.42998 0.246727 0.282007
 4.76363 0.233313 -2.89009
 4.71925 -0.17871 2.89175
 4.28867 -0.276054 -1.28273
 5.60231 0.200651 2.16508
 4.52115 0.207434 -1.78051
 4.04462 0.18529 0.423637
 4.34271 -0.174923 3.05431
 5.11661 -0.234421 3.11212
 4.28144 0.332481 3.12605
 5.79506 0.181601 -2.09883
 4.00865 -0.261222 2.70829
 4.54163 0.0833926 -1.6989
 4.87472 -0.321073 0.326725
 5.60129 -0.0501466 2.34766
 4.379 0.231117 -2.54401
 6.60005 -0.330847 -2.31775
 4.25351 -0.336548 2.35512
 11.7894 -0.121838 3.06753
 4.10565 0.334914 -1.53416
 5.30174 -0.0739975 1.58847
 4.45196 -0.0761514 -0.248249
 4.06315 -0.183049 0.89214
 4.94175 0.0363269 -2.00725
 4.17249 -0.0971856 -0.146072
 4.02604 -0.0948823 -2.36004
 4.3367 -0.0880113 -0.634063
 4.3054 0.188804 0.912616
 5.09405 0.267641 2.21732
 4.08552 -0.205423 -0.641101
 4.16046 0.242096 2.7344
 4.26775 -0.0943078 3.01749
 4.32727 -0.0834561 0.197281
 9.3053 -0.207409 -1.06247
 4.62881 -0.329489 -2.9336
 4.62963 -0.182098 0.349136
 6.58257 0.0323416 0.0786774
 4.52972 0.0667272 -0.661596
 6.88616 -0.296286 -2.70602
 4.30689 0.0171302 -2.6479
 9.41362 -0.207494 -0.589142
 4.82056 -0.118101 -2.54587
 4.7804 -0.227203 2.55751
 11.6282 0.331922 1.91022
 4.87495 -0.101261 -2.31594
 4.50563 -0.227915 -3.12108
 5.02858 0.00064066 -2.41464
 4.21062 0.217572 2.94955
 4.5688 -0.28438 -2.14168
 7.32468 0.341183 0.460163
 4.51198 -0.203863 -2.72502
 4.2508 -0.0772783 -1.4442
 5.51373 0.164015 -2.05551
 4.09977 -0.288477 0.00753005
 4.95318 0.18983 -1.04718
 4.30829 -0.278577 1.784
 6.85516 0.27877 0.69867
 4.40845 -0.124803 -0.862849
 4.82729 0.260871 2.33458
 4.48889 -0.105264 3.06086
 4.01585 -0.0756226 -0.389731
 4.30241 0.308014 -2.04903
 8.07548 0.0105341 -1.71622
 4.56394 0.150035 -0.27466
 4.36093 0.201388 0.438645
 4.30036 0.307592 -0.710989
 6.60153 -0.240314 -1.84967
 4.32969 0.11829 1.49669
 4.1326 0.00809329 -2.61024
 7.47708 -0.15453 -2.67029
 4.04671 0.190003 -0.970403
 4.22548 0.113662 0.493474
 5.05423 0.150464 -2.77431
 7.54361 0.349116 1.23982
 4.55964 -0.192244 0.181102
 4.76613 0.0927058 2.32777
 4.18042 -0.343453 3.12823
 4.47906 0.333933 -2.72614
 6.10034 -0.0906782 2.63957
 4.25689 -0.257391 2.18993
 6.79717 -0.271283 0.105365
 11.7417 -0.143314 2.97009
 8.87134 0.149668 -1.67463
 5.17318 -0.0942822 -0.0996064
 4.67533 0.243592 -1.50661
 5.44272 -0.298341 2.67068
 4.96321 0.0802821 -0.71318
 4.19022 0.327059 -1.62526
 7.05003 -0.138567 -2.32832
 4.09891 -0.185158 3.04354
 5.5563 -0.221509 1.81582
 4.14232 0.0654217 2.60945
 8.64202 -0.136333 0.42928
 4.29208 -0.206573 2.22365
 4.55537 -0.21501 2.53463
 5.25528 0.183912 2.45969
 4.14611 0.120613 0.761266
 4.10688 -0.155127 -2.6298
 4.79735 0.321641 -0.364016
 4.2258 -0.123793 -2.79528
 4.32429 0.0584592 2.01153
 5.64518 -0.00590869 -3.01415
 7.09923 0.0911168 -2.47222
 5.80917 -0.0877558 -1.91321
 5.14263 -0.0824471 1.15074
 4.62157 -0.164706 -1.11759
 4.91016 0.157907 -1.23199
 4.50968 0.137871 -1.02528
 4.3988 0.00386485 0.156057
 4.15757 0.00231449 -1.40284
 5.42532 0.135427 -1.39819
 5.61867 0.259431 2.4941
 6.70955 -0.118082 2.19018
 4.81691 -0.00949446 -0.222224
 4.04437 -0.34445 2.88431
 4.6265 -0.206516 -0.198095
 9.43265 -0.252928 -0.5255
 5.07981 -0.1901 -2.49283
 4.46228 -0.0800765 1.80749
 5.00617 0.228105 -1.90789
 4.43997 -0.197554 -0.585
 4.94239 -0.225084 2.40257
 4.25847 0.139394 -2.47801
 4.29579 0.187488 2.78582
 4.48557 -0.188199 1.5443
 4.38573 -0.110115 -2.45119
 5.94017 -0.116572 -2.68992
 4.53729 -0.0234911 -2.55656
 5.12883 0.0877865 1.87415
 5.31665 -0.337983 -0.580698
 4.10315 -0.257735 -2.98025
 5.18211 -0.0167863 2.92402
 4.07914 0.177912 -2.75006
 4.26653 0.176622 -1.98987
 5.38293 0.292698 0.941303
 4.60715 -0.285483 0.0427045
 4.80385 -0.19542 -2.79561
 4.91324 -0.0326378 -2.60467
 4.90328 0.120039 2.36292
 4.53908 0.310425 0.189563
 5.19012 0.143924 -2.26361
 4.14407 0.190278 2.54195
 5.673 0.114901 -0.481487
 4.73402 0.349254 0.766397
 6.94809 0.197796 -1.46671
 4.87472 -0.18489 0.609556
 4.57678 0.184732 2.51721
 4.22299 -0.307387 2.90726
 5.55375 -0.0828239 2.95231
 5.26409 -0.0539826 0.275145
 5.59234 0.124025 0.522369
 4.34006 0.0775363 -1.84361
 5.68363 -0.195606 2.40132
 4.69058 -0.0456084 -2.54334
 4.29119 0.312308 -1.83121
 4.29206 0.236803 0.903541
 4.30876 -0.32013 -2.27478
 6.35285 0.205866 -2.96299
 4.04135 -0.158902 0.211229
 4.60668 0.0300707 0.849836
 8.57075 0.0358237 2.05953
 4.71543 0.118365 0.42926
 4.23661 -0.322772 0.709911
 4.95627 0.31946 0.165084
 18.1036 -0.0152467 -0.443172
 4.634 -0.0619768 -2.90794
 7.82686 -0.279919 -1.26331
 5.36508 -0.137145 2.48082
 4.58304 -0.13828 2.44227
 4.21531 0.255164 0.778403
 4.30701 -0.00252334 -1.69842
 4.24797 0.270715 -0.764872
 4.2377 -0.283551 -0.671216
 4.62971 0.0138338 3.11098
 6.59858 0.0773999 1.17826
 4.18961 0.0120406 -1.24455
 7.33365 0.0995656 -0.487042
 4.06362 -0.111401 -0.511349
 4.89136 0.204738 -2.73715
 8.16166 0.315508 -1.51375
 5.43974 -0.280066 0.62634
 4.52612 -0.156614 -1.77139
 4.28487 0.188659 2.92055
 5.04854 -0.237722 2.93888
 4.14291 -0.322939 0.322881
 14.6657 0.0250022 -0.92038
 5.27573 0.274392 -0.339771
 5.29632 -0.101645 2.76359
 4.80067 0.292994 0.058906
 8.18717 0.0980574 -2.14411
 5.52461 0.204865 -2.24238
 4.69876 0.116123 2.2398
 4.3942 -0.0134277 -1.56006
 5.48922 -0.256256 0.0876383
 4.23337 -0.0590387 2.88544
 5.71836 -0.0572061 1.98622
 4.48188 -0.237886 -2.7648
 7.42588 -0.310234 -1.13301
 5.98937 0.15387 -1.24179
 5.22736 0.250983 -1.76886
 7.75568 0.0441937 -2.89398
 5.18505 0.1218 0.808577
 4.02369 0.251831 -1.71597
 4.84853 0.255079 -2.48906
 5.08925 0.310379 -0.947093
 4.95166 -0.0758072 -2.48302
 4.69304 0.189156 -2.22178
 4.42152 -0.259681 -0.0877318
 5.82999 0.127068 -2.51568
 4.29379 0.0417149 0.674453
 4.24995 -0.201736 -2.89733
 4.26552 0.0972103 -1.91127
 4.90476 -0.130933 0.512614
 4.10699 -0.0609598 -0.370363
 5.15203 -0.336001 -1.50841
 4.63445 -0.334304 1.50635
 4.29959 0.0669979 -2.57711
 4.19749 0.0332457 -1.80949
 4.33438 0.049914 -2.9288
 5.08983 -0.0349278 1.18408
 5.53012 0.0483516 -0.71318
 4.39936 0.196279 1.45479
 4.19597 0.346822 2.69402
 5.79905 -0.0772521 3.13757
 4.60376 0.142476 -2.66306
 7.64488 0.160558 1.82334
 5.38051 -0.217207 -0.43808
 4.92505 0.203647 -1.37583
 4.26944 0.0891527 -0.493195
 4.08363 -0.314145 0.569197
 4.92019 0.188342 -1.53506
 6.0074 0.302526 0.93274
 4.38357 -0.304048 -0.772124
 4.68115 0.310274 -1.76895
 5.0549 -0.0679193 2.8659
 4.08517 0.18736 -1.75917
 4.10488 0.12726 2.162
 5.44452 0.0422068 -2.42302
 4.04006 0.227407 -2.24087
 7.10565 0.0637809 -2.56759
 4.18651 0.209237 1.84587
 5.31495 0.345671 0.856023
 4.27061 0.0479661 -2.37777
 4.72761 -0.123271 -2.42341
 4.53941 0.186744 -0.555182
 4.0301 -0.202258 3.10464
 4.64527 0.172234 -1.36859
 6.1422 -0.029308 1.71807
 4.47299 0.221372 -0.880564
 4.9938 0.148984 -1.03298
 5.78782 0.317927 2.05172
 4.97452 -0.284162 -2.57757
 4.36199 -0.198304 0.823978
 4.27938 0.169088 -0.669378
 4.53547 -0.142945 0.737363
 4.91522 -0.220767 -1.84595
 4.26511 0.20178 2.97306
 4.5944 -0.16998 -0.988954
 4.00045 0.0951234 -1.67645
 5.54647 -0.323683 2.43271
 4.26666 -0.347606 0.081334
 5.69502 -0.294175 -1.11283
 4.14652 -0.030838 2.25245
 6.96634 -0.0126642 0.3274
 4.491 -0.0804579 2.03976
 5.1425 0.224658 -2.17977
 7.05599 0.272382 -1.43558
 4.54178 0.0671104 0.579462
 4.4699 -0.182835 -1.14229
 4.70594 -0.307934 -1.49532
 5.00254 -0.113953 -2.37205
 4.7357 -0.161466 -1.58307
 9.74021 -0.119291 -0.493423
 4.91026 -0.311726 0.425723
 5.12599 -0.334993 -1.91079
 4.21849 -0.213317 1.61892
 5.7182 0.0495759 -1.11336
 5.63888 -0.0863022 1.46322
 5.78773 -0.283601 -2.02452
 5.69214 0.197208 -2.74381
 4.18107 -0.191809 -0.60381
 5.39979 0.0885468 -0.846126
 6.21582 0.341208 1.36097
 4.26357 -0.0897057 -1.35144
 4.85814 0.29307 2.27309
 4.62205 -0.238826 2.09154
 8.04306 0.0494203 -0.358216
 7.92344 -0.106904 -2.55856
 4.13451 0.138585 -2.11665
 4.1584 -0.106828 2.22867
 4.1241 -0.257347 -2.06092
 4.02064 0.162732 0.91751
 5.08643 -0.0333715 1.78316
 4.08911 0.243428 1.47602
 4.10867 0.200715 -2.52176
 5.05849 -0.117164 -0.184902
 4.98917 -0.308211 -0.502645
 4.38487 0.341721 0.809718
 4.07494 0.131474 0.877835
 4.08199 -0.110678 2.21465
 4.17495 0.0493925 2.1896
 4.14957 0.134587 -2.24345
 4.07062 -0.236041 0.94439
 4.01441 0.0716421 2.42101
 4.57636 0.0660679 -2.76887
 4.32236 0.0608476 0.879036
 5.68231 -0.029879 2.90512
 6.56337 0.0635354 0.671024
 4.51836 -0.0148685 2.42687
 4.28335 0.0725282 -1.84308
 5.09524 0.255737 0.0172966
 6.70072 0.245465 -3.08448
 8.06806 -0.211628 -1.06684
 4.70624 0.258118 -1.02098
 4.32885 -0.0401793 -2.61053
 4.6388 -0.0943204 0.349642
 4.5618 -0.227795 -1.3434
 4.78526 0.186537 -0.226422
 6.75464 -0.0402055 -0.865549
 6.12491 -0.191699 -1.16077
 5.08216 -0.0956495 2.36983
 5.08871 0.331058 2.28156
 6.42693 -0.0256331 0.549486
 5.67761 -0.270668 -0.000550459
 4.02196 0.00854444 -0.442521
 4.75887 0.346287 -3.02724
 4.01237 -0.242993 2.84089
 4.56172 -0.193554 -2.84454
 5.15917 -0.0305156 -2.21941
 4.76369 -0.138068 -1.80849
 4.4967 0.158961 -0.0176247
 4.23461 -0.297124 0.944772
 4.72536 -0.0201126 -1.83954
 4.90595 -0.22452 0.014485
 5.99462 0.325582 0.0382215
 5.02156 0.0327149 -2.82342
 7.01578 -0.0110642 -3.00351
 6.91174 -0.341257 -0.67547
 5.16949 -0.33943 1.21006
 4.97334 0.153303 -2.55903
 7.5587 -0.00780767 -1.09386
 7.21298 -0.0901164 -1.52008
 4.28312 0.0459345 -1.24913
 4.38515 -0.200056 2.59717
 5.97513 -0.187641 2.35463
 4.11439 0.049418 0.946504
 4.06296 0.128952 -2.17243
 4.04711 0.149374 0.371831
 4.97971 -0.0924725 1.16704
 4.12085 -0.0754678 -0.60982
 4.39727 0.162805 2.56351
 6.64552 -0.178172 0.993996
 4.96268 -0.227254 0.725855
 4.21633 -0.179784 -0.0750348
 7.91161 0.213229 -1.62017
 5.25326 0.313934 3.08853
 4.32266 0.174178 0.726468
 4.32126 -0.0644545 -1.27304
 4.40815 0.0717063 -1.98265
 4.3705 -0.347804 -0.969044
 4.64291 -0.153668 0.170586
 4.07846 0.294731 -1.57283
 4.1754 -0.259815 0.105595
 5.33483 0.0885215 -1.36063
 6.75684 0.237734 -0.583267
 4.05182 -0.316665 1.89089
 4.32291 -0.274682 0.189869
